2.274982e+00
4.258425e+00
2.745236e+00
3.981512e+00
1.259653e+00
3.192987e+00
3.479955e+00
3.533203e+00
3.577208e+00
4.024354e+00
2.897793e+00
4.035939e+00
2.943928e+00
3.797883e+00
3.823131e+00
3.135289e+00
4.158763e+00
3.666546e+00
4.165405e+00
2.590586e+00
3.390007e+00
4.401428e+00
4.259017e+00
3.828950e+00
4.661197e+00
3.208921e+00
3.558505e+00
2.661790e+00
4.552807e+00
4.387351e+00
4.201303e+00
4.174024e+00
3.417531e+00
3.331634e+00
4.296077e+00
4.813853e+00
3.601221e+00
3.808541e+00
3.839654e+00
3.810101e+00
2.718393e+00
4.408089e+00
4.371916e+00
3.366676e+00
3.109644e+00
3.488948e+00
3.480785e+00
2.439917e+00
1.795032e+00
3.823791e+00
2.885757e+00
3.955142e+00
4.568110e+00
4.383454e+00
4.386828e+00
4.124245e+00
1.761056e+00
4.504365e+00
3.674680e+00
4.107362e+00
4.209734e+00
3.544337e+00
4.226292e+00
4.136146e+00
3.081743e+00
2.993043e+00
3.780475e+00
3.389401e+00
4.043527e+00
4.307852e+00
3.820129e+00
2.816132e+00
3.181513e+00
4.030338e+00
4.559293e+00
3.650644e+00
3.979034e+00
4.274909e+00
4.648808e+00
3.849841e+00
3.643339e+00
4.288919e+00
3.404913e+00
4.426386e+00
3.746532e+00
3.235228e+00
3.816644e+00
4.309498e+00
4.284427e+00
3.719535e+00
3.422946e+00
3.628788e+00
4.554820e+00
2.907815e+00
4.867644e+00
4.121535e+00
3.584413e+00
4.550410e+00
4.505556e+00
4.159864e+00
1.728809e+00
2.433922e+00
4.569128e+00
4.400768e+00
4.331205e+00
3.832400e+00
3.481135e+00
3.963746e+00
4.375253e+00
3.816831e+00
4.585252e+00
4.521063e+00
3.506544e+00
3.932961e+00
3.577757e+00
4.114724e+00
1.789891e+00
3.931542e+00
4.412043e+00
3.712351e+00
2.401855e+00
3.894245e+00
3.425858e+00
3.801826e+00
2.503091e+00
3.706658e+00
2.965774e+00
3.447456e+00
3.607225e+00
4.338497e+00
4.027769e+00
3.559922e+00
4.227188e+00
3.730883e+00
4.104198e+00
3.612028e+00
3.863144e+00
3.888707e+00
2.254898e+00
4.187690e+00
3.203144e+00
4.670993e+00
4.089281e+00
4.251826e+00
3.612842e+00
2.958081e+00
3.367137e+00
4.232555e+00
3.620089e+00
4.638691e+00
4.646258e+00
3.045153e+00
4.245483e+00
3.954356e+00
4.600092e+00
2.505133e+00
3.716170e+00
3.537799e+00
4.054865e+00
3.724767e+00
4.523847e+00
2.886525e+00
3.994597e+00
4.476648e+00
3.992312e+00
3.235027e+00
3.699856e+00
3.921398e+00
4.524333e+00
3.487734e+00
3.992456e+00
3.443322e+00
1.547947e+00
3.525652e+00
3.875585e+00
2.608138e+00
4.417097e+00
4.095192e+00
3.123419e+00
3.797673e+00
4.608340e+00
4.801481e+00
3.728619e+00
3.926661e+00
3.186756e+00
3.938868e+00
1.736233e+00
3.966610e+00
3.148689e+00
3.290313e+00
4.180645e+00
4.557191e+00
3.400354e+00
3.002005e+00
4.037732e+00
3.162574e+00
4.491621e+00
4.483728e+00
3.658243e+00
4.548290e+00
2.982537e+00
1.630312e+00
1.451805e+00
4.573458e+00
4.844426e+00
3.589906e+00
3.781934e+00
3.437802e+00
1.729236e+00
2.225016e+00
4.836811e+00
4.188826e+00
3.169094e+00
4.629464e+00
3.486918e+00
3.321931e+00
4.189356e+00
2.792204e+00
4.568491e+00
4.674586e+00
3.851464e+00
4.083663e+00
4.133433e+00
4.386763e+00
3.690494e+00
4.492892e+00
3.663548e+00
4.749751e+00
3.173367e+00
4.559391e+00
4.197068e+00
1.769728e+00
4.126511e+00
3.716753e+00
3.260989e+00
3.800922e+00
2.935994e+00
4.162355e+00
3.924343e+00
4.875587e+00
3.426594e+00
4.409206e+00
4.642601e+00
3.321015e+00
3.942944e+00
3.396967e+00
3.568223e+00
4.701552e+00
4.358413e+00
3.770012e+00
4.005129e+00
4.567162e+00
4.268417e+00
4.752353e+00
2.789796e+00
3.431428e+00
4.565900e+00
3.589686e+00
4.207578e+00
3.151157e+00
3.365935e+00
4.043042e+00
2.665169e+00
4.591601e+00
4.323247e+00
3.987385e+00
3.750945e+00
4.107166e+00
3.749731e+00
2.942601e+00
4.068149e+00
4.519104e+00
3.609359e+00
4.080479e+00
3.099988e+00
2.967223e+00
3.239528e+00
3.385074e+00
4.657670e+00
4.581339e+00
4.195445e+00
4.140594e+00
4.691505e+00
3.448198e+00
3.195894e+00
3.962032e+00
4.495414e+00
3.797092e+00
3.746375e+00
4.926442e+00
3.282538e+00
4.452378e+00
4.744170e+00
2.400823e+00
4.273001e+00
3.450104e+00
3.395787e+00
3.515788e+00
3.428408e+00
2.745818e+00
3.647880e+00
4.654536e+00
4.172824e+00
4.373503e+00
4.319430e+00
3.008417e+00
1.020579e+00
4.014627e+00
3.006757e+00
3.301833e+00
3.463032e+00
4.904221e+00
2.666520e+00
4.704581e+00
3.111795e+00
4.656494e+00
3.349063e+00
4.232186e+00
2.485280e+00
2.629934e+00
2.366793e+00
4.236338e+00
3.719736e+00
4.113669e+00
4.165100e+00
3.890388e+00
3.691742e+00
4.075560e+00
1.435777e+00
2.965943e+00
3.194967e+00
3.188330e+00
3.056028e+00
4.030276e+00
4.057857e+00
4.691259e+00
3.025384e+00
4.723736e+00
4.177842e+00
4.972962e+00
4.793627e+00
2.832422e+00
3.614008e+00
4.750808e+00
2.678773e+00
4.004414e+00
4.302816e+00
2.653891e+00
4.176371e+00
4.729757e+00
4.496825e+00
4.082664e+00
4.333080e+00
2.554074e+00
3.864377e+00
4.642675e+00
3.627775e+00
4.525224e+00
3.667629e+00
3.280344e+00
3.947767e+00
4.668596e+00
4.172149e+00
4.384650e+00
2.440664e+00
3.568773e+00
3.333332e+00
4.327602e+00
4.008949e+00
3.238827e+00
3.859047e+00
3.262482e+00
4.494036e+00
3.337024e+00
3.525225e+00
2.310816e+00
2.100503e+00
4.576044e+00
2.422014e+00
3.525465e+00
4.386933e+00
3.845266e+00
4.202041e+00
3.079433e+00
4.430633e+00
4.096345e+00
1.131271e+00
4.434438e+00
3.006490e+00
2.351183e+00
2.615759e+00
2.786900e+00
4.256316e+00
3.368050e+00
4.240986e+00
3.916445e+00
4.291480e+00
3.248023e+00
2.751463e+00
1.802627e+00
4.041847e+00
4.575111e+00
3.761214e+00
4.960702e+00
4.175745e+00
4.145017e+00
3.346807e+00
3.197714e+00
4.222494e+00
3.350850e+00
3.713061e+00
3.757286e+00
3.461425e+00
3.456949e+00
4.143838e+00
3.628075e+00
3.411540e+00
3.656643e+00
4.111877e+00
3.691912e+00
4.324723e+00
4.211337e+00
2.813167e+00
2.952649e+00
4.064854e+00
4.101410e+00
3.912640e+00
2.852642e+00
3.435187e+00
3.885948e+00
3.874873e+00
4.587175e+00
4.152332e+00
3.530688e+00
4.153843e+00
4.287263e+00
4.412266e+00
4.823693e+00
3.381925e+00
4.033450e+00
4.658187e+00
2.725018e+00
3.925205e+00
2.576035e+00
2.414339e+00
3.590187e+00
2.633068e+00
3.980356e+00
4.226084e+00
3.951025e+00
2.696605e+00
4.300430e+00
3.493928e+00
2.318390e+00
2.977976e+00
2.714374e+00
3.579323e+00
4.504324e+00
3.125212e+00
4.481309e+00
4.108338e+00
4.186030e+00
4.178834e+00
4.141276e+00
2.560451e+00
3.288236e+00
4.867646e+00
3.705815e+00
4.172651e+00
3.825517e+00
4.790069e+00
4.394722e+00
2.861114e+00
2.697020e+00
4.180111e+00
4.113793e+00
3.366393e+00
4.195250e+00
3.870723e+00
4.205422e+00
3.378903e+00
4.792412e+00
3.624661e+00
4.173765e+00
4.664246e+00
4.348139e+00
4.509337e+00
3.933261e+00
4.280058e+00
4.022119e+00
4.124811e+00
4.321557e+00
4.563561e+00
4.056091e+00
4.440956e+00
3.407871e+00
4.111408e+00
3.581207e+00
3.633847e+00
3.452773e+00
3.191066e+00
2.302084e+00
3.852537e+00
3.453128e+00
3.749024e+00
3.871963e+00
3.703139e+00
4.009728e+00
3.592541e+00
2.949701e+00
3.707478e+00
3.615205e+00
3.885769e+00
4.554869e+00
4.759646e+00
4.496345e+00
4.505292e+00
3.441508e+00
3.471029e+00
4.445230e+00
2.631413e+00
3.856614e+00
3.550436e+00
3.518438e+00
4.076319e+00
1.776772e+00
4.929724e+00
4.101634e+00
4.409714e+00
4.241576e+00
4.672806e+00
4.218038e+00
2.270113e+00
4.443599e+00
2.645471e+00
4.454790e+00
3.584126e+00
3.233127e+00
4.196175e+00
3.663011e+00
4.572591e+00
4.239603e+00
4.158510e+00
3.791561e+00
4.258653e+00
3.879808e+00
4.418420e+00
3.503607e+00
3.242016e+00
3.969337e+00
2.352977e+00
2.808130e+00
3.215986e+00
3.689751e+00
3.475726e+00
3.458621e+00
2.993927e+00
2.665650e+00
4.363044e+00
3.966296e+00
3.972918e+00
4.100146e+00
3.891726e+00
3.023321e+00
3.175733e+00
2.812099e+00
3.021598e+00
3.165433e+00
3.339152e+00
3.330919e+00
4.313046e+00
3.691049e+00
3.891790e+00
4.027610e+00
3.699700e+00
2.421839e+00
4.329050e+00
2.357259e+00
3.603783e+00
4.447260e+00
3.973858e+00
4.830146e+00
3.444160e+00
1.803322e+00
3.170088e+00
4.905740e+00
3.603068e+00
3.882556e+00
4.622140e+00
4.239990e+00
4.848594e+00
3.690153e+00
3.932475e+00
3.057347e+00
3.446925e+00
3.101527e+00
1
3.792193e+00
2.716687e+00
3.625318e+00
3.546694e+00
3.150652e+00
4.874605e+00
2.768059e+00
4.742304e+00
4.183858e+00
4.315861e+00
4.675510e+00
3.305730e+00
4.128031e+00
4.533131e+00
4.102385e+00
4.432357e+00
3.415596e+00
4.090018e+00
4.840234e+00
4.222044e+00
4.347928e+00
3.892695e+00
3.751851e+00
3.949335e+00
2.851138e+00
3.870308e+00
3.500977e+00
2.551564e+00
3.189097e+00
4.072916e+00
4.460074e+00
3.824147e+00
3.701760e+00
1.943378e+00
3.043026e+00
4.071586e+00
3.626368e+00
4.313190e+00
3.001171e+00
3.759426e+00
4.054808e+00
3.428768e+00
3.468408e+00
4.781146e+00
4.040090e+00
3.704710e+00
4.225433e+00
4.396816e+00
3.117227e+00
3.857244e+00
3.748408e+00
3.935899e+00
3.980884e+00
3.801804e+00
3.546231e+00
4.134887e+00
4.116588e+00
3.878528e+00
4.447665e+00
4.497738e+00
3.846705e+00
4.037332e+00
3.808725e+00
4.160885e+00
4.118367e+00
3.245393e+00
3.606003e+00
2.558682e+00
3.616951e+00
3.638921e+00
3.923382e+00
2.926538e+00
3.597320e+00
4.288023e+00
3.983790e+00
4.466854e+00
4.542204e+00
2.920691e+00
4.446897e+00
4.564840e+00
4.601577e+00
2.983665e+00
4.505515e+00
3.321276e+00
3.407113e+00
2.871435e+00
3.953699e+00
4.906113e+00
3.068874e+00
3.477061e+00
3.493310e+00
2.054385e+00
4.895441e+00
2.270077e+00
4.492690e+00
3.549387e+00
1.735892e+00
3.145391e+00
4.276702e+00
3.892015e+00
4.075084e+00
3.744243e+00
4.366483e+00
1.820906e+00
3.667108e+00
4.556403e+00
3.514725e+00
3.935571e+00
4.442850e+00
3.798258e+00
3.985692e+00
4.023596e+00
3.488711e+00
3.777920e+00
4.306436e+00
4.041447e+00
3.469299e+00
2.941952e+00
3.368693e+00
4.345288e+00
3.842023e+00
4.083232e+00
4.837600e+00
4.974277e+00
4.138011e+00
4.061361e+00
4.308191e+00
4.046870e+00
3.997786e+00
4.860747e+00
4.612733e+00
3.685946e+00
4.646300e+00
4.783434e+00
4.296141e+00
3.999077e+00
2.882546e+00
4.143813e+00
3.959843e+00
4.857985e+00
3.729549e+00
4.294930e+00
3.797296e+00
1.488432e+00
4.607495e+00
4.281179e+00
3.749082e+00
4.093984e+00
3.601458e+00
4.492870e+00
2.188683e+00
4.054184e+00
3.124370e+00
4.705983e+00
2.944533e+00
3.262593e+00
1
4.745230e+00
3.239189e+00
3.487885e+00
4.062967e+00
3.913575e+00
3.218954e+00
3.739055e+00
3.721314e+00
4.721357e+00
4.606704e+00
3.888166e+00
3.853473e+00
3.168249e+00
4.430285e+00
4.054809e+00
3.650136e+00
2.305007e+00
4.502233e+00
4.016674e+00
2.968656e+00
3.684974e+00
3.707273e+00
2.176981e+00
4.196341e+00
3.884960e+00
3.035700e+00
4.648348e+00
3.903775e+00
4.131934e+00
2.469248e+00
4.863268e+00
3.310641e+00
1.758750e+00
4.180025e+00
3.430048e+00
3.858332e+00
3.005576e+00
3.587104e+00
4.744734e+00
4.733360e+00
4.670456e+00
4.473692e+00
3.323775e+00
4.626999e+00
3.239320e+00
3.009623e+00
4.403382e+00
4.740929e+00
4.143881e+00
2.939240e+00
3.568341e+00
4.190267e+00
3.200769e+00
5.000000e+00
3.986946e+00
4.364043e+00
4.455413e+00
2.223421e+00
4.372154e+00
2.837905e+00
4.270104e+00
2.736737e+00
3.997050e+00
4.847909e+00
4.324177e+00
3.140010e+00
2.823330e+00
3.926874e+00
4.032529e+00
2.624026e+00
4.113401e+00
4.666951e+00
2.012598e+00
4.187464e+00
2.502931e+00
3.421907e+00
3.513118e+00
4.111878e+00
4.528978e+00
4.409953e+00
4.196494e+00
3.164555e+00
3.432359e+00
3.787935e+00
4.101918e+00
4.173930e+00
3.928378e+00
2.828806e+00
3.771644e+00
3.998779e+00
2.272523e+00
4.043267e+00
4.066006e+00
3.886311e+00
3.316487e+00
3.241187e+00
4.310903e+00
2.129274e+00
2.909338e+00
4.441937e+00
3.875847e+00
4.774327e+00
4.287017e+00
4.000718e+00
3.858647e+00
4.455303e+00
4.349226e+00
3.995834e+00
1.814475e+00
4.132839e+00
3.729286e+00
4.377691e+00
3.896864e+00
3.813239e+00
4.211848e+00
3.382419e+00
3.224421e+00
3.684903e+00
4.043335e+00
4.405679e+00
3.499594e+00
3.343220e+00
3.849709e+00
4.515048e+00
4.487562e+00
4.073988e+00
2.341054e+00
4.436799e+00
3.172907e+00
4.278762e+00
4.280035e+00
4.657618e+00
4.200921e+00
3.788947e+00
4.098450e+00
4.271351e+00
4.656414e+00
4.266852e+00
3.998823e+00
3.144334e+00
4.589324e+00
4.281075e+00
4.545391e+00
3.998205e+00
4.314301e+00
3.495717e+00
3.889062e+00
4.658318e+00
3.821355e+00
3.102863e+00
2.739725e+00
2.149419e+00
3.072603e+00
3.568574e+00
4.713567e+00
4.350917e+00
3.669811e+00
2.679887e+00
1.253827e+00
4.346435e+00
4.162089e+00
4.543493e+00
4.108179e+00
3.005667e+00
4.762660e+00
2.477247e+00
4.201441e+00
3.945143e+00
3.059859e+00
3.924960e+00
3.786008e+00
4.209357e+00
4.511398e+00
3.558995e+00
3.480516e+00
4.450007e+00
4.438742e+00
3.855753e+00
2.819917e+00
3.953662e+00
4.416555e+00
3.365693e+00
4.338156e+00
4.760479e+00
4.376800e+00
3.243460e+00
3.883410e+00
2.847196e+00
3.289174e+00
3.603224e+00
1.630819e+00
4.525902e+00
3.979256e+00
4.420947e+00
4.037326e+00
3.018713e+00
3.801477e+00
4.007761e+00
4.788826e+00
4.336048e+00
3.833854e+00
3.051623e+00
1.789605e+00
3.647923e+00
3.878314e+00
2.827899e+00
3.671130e+00
4.730438e+00
3.973218e+00
1.326284e+00
4.866762e+00
3.238383e+00
4.406658e+00
4.280960e+00
2.795488e+00
2.390560e+00
3.201496e+00
2.877369e+00
3.863550e+00
4.208730e+00
3.332621e+00
3.794245e+00
3.492142e+00
4.410890e+00
4.818918e+00
3.438785e+00
4.236794e+00
4.108253e+00
3.240246e+00
3.300300e+00
3.150663e+00
3.882582e+00
3.043803e+00
4.114851e+00
3.962981e+00
4.121438e+00
4.368203e+00
4.065626e+00
3.663082e+00
4.413168e+00
4.392971e+00
3.708359e+00
4.235302e+00
4.697247e+00
4.525718e+00
3.665102e+00
4.719478e+00
4.579035e+00
3.574346e+00
3.368510e+00
4.103266e+00
3.756126e+00
4.754673e+00
2.921653e+00
4.193238e+00
4.375639e+00
4.089920e+00
4.194141e+00
3.964312e+00
4.302764e+00
3.646215e+00
4.515467e+00
4.679580e+00
3.232561e+00
4.049315e+00
3.663415e+00
3.268447e+00
3.634827e+00
3.495140e+00
4.277550e+00
3.909593e+00
4.355723e+00
4.650787e+00
4.249081e+00
4.002931e+00
2.094466e+00
4.000539e+00
4.198696e+00
3.983138e+00
3.689309e+00
4.075368e+00
4.181807e+00
2.101525e+00
3.110822e+00
4.828014e+00
4.816364e+00
3.833237e+00
3.794610e+00
3.599364e+00
4.250350e+00
4.881315e+00
4.129385e+00
1.937080e+00
3.653544e+00
2.660282e+00
3.738838e+00
3.306623e+00
1.682432e+00
3.039139e+00
4.794564e+00
4.124705e+00
3.315932e+00
3.579519e+00
2.998717e+00
3.604194e+00
3.425015e+00
4.227440e+00
2.246429e+00
3.430688e+00
3.268934e+00
3.619084e+00
4.068230e+00
4.546291e+00
4.434425e+00
4.247842e+00
2.391078e+00
1.910427e+00
4.869600e+00
2.296047e+00
2.665627e+00
2.283617e+00
4.172487e+00
3.551053e+00
4.142749e+00
3.561181e+00
4.753635e+00
3.597292e+00
4.625956e+00
4.083691e+00
3.187543e+00
3.097190e+00
1.838116e+00
4.646049e+00
4.777993e+00
4.221228e+00
2.273972e+00
3.986437e+00
2.442976e+00
4.131148e+00
2.919447e+00
4.864802e+00
3.596823e+00
3.028236e+00
4.231507e+00
4.130336e+00
3.820204e+00
3.767260e+00
4.630394e+00
4.491724e+00
4.519487e+00
3.695537e+00
4.423409e+00
4.314676e+00
4.847144e+00
3.644834e+00
2.793112e+00
3.705464e+00
3.803161e+00
4.534459e+00
2.741008e+00
4.343852e+00
3.939710e+00
3.949082e+00
3.142261e+00
3.839131e+00
4.749570e+00
3.284502e+00
4.128663e+00
1.102892e+00
4.157557e+00
4.425560e+00
4.465572e+00
3.833211e+00
3.840095e+00
3.816592e+00
1.990226e+00
2.282112e+00
2.802909e+00
2.403795e+00
2.836387e+00
4.124625e+00
3.610862e+00
4.954354e+00
3.390333e+00
2.950296e+00
2.957110e+00
3.780781e+00
4.516684e+00
4.433659e+00
4.353311e+00
4.017420e+00
4.382409e+00
2.936807e+00
3.916941e+00
4.947784e+00
2.976712e+00
3.093174e+00
3.030532e+00
4.163043e+00
1.558764e+00
4.682545e+00
2.742482e+00
3.342011e+00
3.956002e+00
4.182927e+00
4.336390e+00
4.267744e+00
4.213138e+00
3.932688e+00
4.206979e+00
3.741203e+00
4.622287e+00
4.799559e+00
3.682154e+00
2.573564e+00
4.350392e+00
4.458719e+00
4.108270e+00
4.068407e+00
4.655118e+00
3.983407e+00
3.550221e+00
2.979098e+00
2.681131e+00
4.124657e+00
4.775650e+00
3.820638e+00
2.042232e+00
1.660629e+00
3.683455e+00
4.081473e+00
4.544270e+00
3.980851e+00
4.119053e+00
4.612438e+00
3.934003e+00
2.485092e+00
4.021018e+00
3.641354e+00
4.095353e+00
4.635207e+00
3.681126e+00
4.192495e+00
4.075414e+00
3.486801e+00
4.321794e+00
3.964738e+00
3.071248e+00
4.393391e+00
3.847913e+00
3.549842e+00
3.814994e+00
4.279907e+00
3.130521e+00
3.329471e+00
4.838532e+00
3.862924e+00
4.036833e+00
4.081623e+00
4.268797e+00
4.091154e+00
3.727295e+00
4.446653e+00
4.601580e+00
1.971122e+00
3.505163e+00
4.804592e+00
2.910264e+00
3.024123e+00
1.948463e+00
2.751564e+00
3.834948e+00
4.372460e+00
4.403374e+00
4.869177e+00
3.307300e+00
4.470855e+00
3.660643e+00
3.437257e+00
3.723533e+00
3.939876e+00
4.295243e+00
3.600655e+00
1.797530e+00
2.810923e+00
4.518982e+00
4.152936e+00
4.368705e+00
2.916846e+00
4.581141e+00
4.004561e+00
3.199927e+00
3.370648e+00
4.023124e+00
2.544834e+00
4.432313e+00
2.853158e+00
3.697685e+00
3.178083e+00
3.452195e+00
3.686018e+00
4.473256e+00
4.450400e+00
3.990861e+00
3.141615e+00
3.943496e+00
4.152847e+00
3.688667e+00
4.028790e+00
3.535038e+00
1.941285e+00
3.930769e+00
3.719030e+00
3.281442e+00
4.623900e+00
3.409097e+00
2.608157e+00
3.614533e+00
3.087678e+00
3.662780e+00
4.559846e+00
4.297469e+00
3.017631e+00
3.881333e+00
4.434787e+00
2.929241e+00
4.382334e+00
2.514015e+00
3.663391e+00
4.681419e+00
3.622360e+00
3.943848e+00
3.635638e+00
2.740091e+00
4.181840e+00
3.196671e+00
3.223996e+00
4.151041e+00
2.796037e+00
4.352144e+00
4.603290e+00
4.841597e+00
2.470180e+00
1.909741e+00
4.176115e+00
4.752439e+00
3.308983e+00
3.893799e+00
4.387814e+00
4.271827e+00
4.419367e+00
3.025158e+00
3.736774e+00
3.942484e+00
3.716653e+00
3.535884e+00
4.120579e+00
2.295266e+00
2.121836e+00
2.961665e+00
3.860027e+00
2.786986e+00
4.537224e+00
3.651095e+00
4.280442e+00
2.843060e+00
4.145461e+00
2.707982e+00
3.250590e+00
4.540526e+00
4.044693e+00
4.765316e+00
4.224712e+00
3.492225e+00
4.373762e+00
3.079912e+00
3.115055e+00
4.399265e+00
2.394949e+00
3.675935e+00
1.948144e+00
3.829368e+00
4.622074e+00
4.325154e+00
3.278060e+00
4.278775e+00
4.402179e+00
4.259072e+00
3.204835e+00
4.551907e+00
3.936900e+00
3.889061e+00
4.617548e+00
4.405221e+00
3.422998e+00
3.909676e+00
4.723593e+00
4.107763e+00
4.284773e+00
3.716449e+00
1.754929e+00
3.489770e+00
2.658936e+00
4.257314e+00
2.677620e+00
3.764860e+00
4.000902e+00
4.402601e+00
3.232799e+00
2.032478e+00
3.956742e+00
3.315179e+00
4.230759e+00
3.743214e+00
4.178564e+00
4.390096e+00
2.316003e+00
2.435786e+00
4.068003e+00
4.477846e+00
4.450073e+00
1.804705e+00
3.614797e+00
3.604381e+00
3.446593e+00
3.831683e+00
4.014803e+00
4.777386e+00
4.584212e+00
4.180365e+00
4.963330e+00
4.325116e+00
4.297687e+00
3.781684e+00
4.347495e+00
3.314396e+00
3.532277e+00
4.325042e+00
4.334907e+00
3.051307e+00
4.425676e+00
4.465176e+00
1.894781e+00
4.708669e+00
3.214586e+00
4.556154e+00
3.742484e+00
4.097886e+00
2.187260e+00
4.395489e+00
3.544484e+00
4.060711e+00
2.823611e+00
3.784351e+00
3.301240e+00
3.136740e+00
4.359656e+00
2.609267e+00
4.850561e+00
3.786581e+00
4.062579e+00
3.146169e+00
1.301437e+00
4.775651e+00
3.734105e+00
3.784256e+00
3.730257e+00
4.411118e+00
3.101273e+00
2.540994e+00
4.029316e+00
1.387172e+00
4.342759e+00
3.404866e+00
2.360520e+00
4.483777e+00
3.590803e+00
2.752522e+00
4.335103e+00
3.710037e+00
4.047006e+00
3.729422e+00
4.362599e+00
4.201570e+00
2.670333e+00
3.979100e+00
3.669674e+00
4.175595e+00
3.780168e+00
4.214737e+00
4.214014e+00
3.934387e+00
3.521750e+00
4.316186e+00
2.694712e+00
3.446696e+00
2.569571e+00
3.845277e+00
4.206184e+00
3.699156e+00
4.119920e+00
4.271888e+00
4.369929e+00
3.954856e+00
3.404101e+00
3.795721e+00
2.954593e+00
4.617281e+00
4.763788e+00
2.927598e+00
3.416518e+00
4.042683e+00
4.028308e+00
3.797161e+00
3.825075e+00
4.359087e+00
1.552516e+00
3.557994e+00
4.460311e+00
3.784180e+00
3.556132e+00
3.900211e+00
3.258011e+00
3.130920e+00
3.410155e+00
3.853245e+00
4.302896e+00
4.446089e+00
4.718240e+00
4.270633e+00
3.624776e+00
3.588516e+00
3.911776e+00
4.177357e+00
3.844225e+00
3.732895e+00
4.332639e+00
4.053417e+00
3.881301e+00
3.882953e+00
4.304537e+00
3.941014e+00
3.899048e+00
2.919457e+00
4.510880e+00
4.429107e+00
4.766611e+00
4.419179e+00
2.043864e+00
3.538421e+00
4.016892e+00
4.620535e+00
3.941608e+00
3.486168e+00
4.475080e+00
4.347453e+00
4.303883e+00
2.912125e+00
4.266895e+00
3.893671e+00
4.260413e+00
4.224864e+00
3.587721e+00
4.380535e+00
3.408646e+00
3.909197e+00
3.889158e+00
4.008507e+00
2.674776e+00
4.310748e+00
3.774521e+00
3.680804e+00
4.093297e+00
3.753072e+00
3.928985e+00
4.344049e+00
4.318852e+00
3.182141e+00
4.668925e+00
3.985455e+00
4.217779e+00
4.365753e+00
4.160045e+00
3.670840e+00
4.784691e+00
4.764166e+00
4.994746e+00
3.654010e+00
4.371578e+00
3.445439e+00
4.338317e+00
4.224955e+00
4.176359e+00
3.384894e+00
3.386878e+00
4.302468e+00
3.705733e+00
3.372020e+00
4.520476e+00
3.430798e+00
4.538323e+00
3.474352e+00
3.051136e+00
4.406544e+00
3.124179e+00
2.463287e+00
2.088773e+00
4.629191e+00
4.312349e+00
4.391669e+00
3.363038e+00
4.373546e+00
3.428102e+00
4.526707e+00
4.262740e+00
4.469078e+00
4.002823e+00
4.553022e+00
4.410742e+00
3.577183e+00
1.822902e+00
3.233378e+00
2.955426e+00
4.386228e+00
3.711537e+00
4.541261e+00
3.062207e+00
4.919970e+00
3.581199e+00
2.439525e+00
2.607853e+00
2.295053e+00
3.436152e+00
4.118189e+00
2.823987e+00
4.599646e+00
4.078846e+00
4.144833e+00
3.088653e+00
4.022031e+00
4.438139e+00
3.133422e+00
4.318767e+00
4.005732e+00
4.599388e+00
3.842857e+00
2.295270e+00
3.877122e+00
4.688777e+00
3.321815e+00
4.321097e+00
4.088648e+00
1.225323e+00
3.657869e+00
4.325164e+00
2.413024e+00
2.484282e+00
4.391553e+00
4.103958e+00
3.664985e+00
3.848009e+00
2.996200e+00
4.647738e+00
4.753971e+00
2.849349e+00
4.148693e+00
3.506717e+00
4.390122e+00
3.161492e+00
4.098631e+00
3.596896e+00
4.020690e+00
4.639044e+00
4.168410e+00
3.002462e+00
2.086654e+00
2.338312e+00
4.784173e+00
3.535406e+00
4.285797e+00
4.364046e+00
3.013381e+00
3.727169e+00
4.247862e+00
1.937751e+00
4.906371e+00
4.844842e+00
4.064205e+00
4.639722e+00
4.411087e+00
2.628037e+00
2.728496e+00
4.779390e+00
4.513707e+00
4.253394e+00
3.662635e+00
4.243183e+00
4.249722e+00
3.645355e+00
4.514505e+00
3.452801e+00
1.963914e+00
4.516669e+00
4.186698e+00
2.418322e+00
1.216782e+00
4.210462e+00
3.433113e+00
3.893991e+00
4.383972e+00
4.243911e+00
4.393587e+00
3.637672e+00
4.016211e+00
1.050575e+00
3.717535e+00
1.207111e+00
3.585391e+00
4.022162e+00
4.359929e+00
4.174872e+00
4.282463e+00
4.679736e+00
3.686879e+00
4.907826e+00
3.842099e+00
3.305341e+00
3.182856e+00
4.516801e+00
4.350640e+00
3.657457e+00
2.574120e+00
4.322377e+00
3.337289e+00
3.925774e+00
4.258137e+00
3.754213e+00
4.068225e+00
3.980912e+00
4.507645e+00
2.569584e+00
4.201946e+00
4.052424e+00
3.212366e+00
4.437007e+00
3.909620e+00
4.184213e+00
3.625897e+00
3.818299e+00
4.777085e+00
3.909613e+00
4.237768e+00
4.040867e+00
3.182782e+00
2.800717e+00
4.346096e+00
3.421413e+00
4.277247e+00
2.879865e+00
4.046051e+00
4.220586e+00
4.557198e+00
1.977480e+00
4.427903e+00
4.725271e+00
4.590468e+00
3.931013e+00
1.741200e+00
3.522128e+00
4.250591e+00
3.886950e+00
4.854368e+00
4.537802e+00
4.412048e+00
3.827426e+00
4.770636e+00
4.198649e+00
4.144408e+00
3.813649e+00
4.312823e+00
3.180680e+00
3.523605e+00
4.559218e+00
4.589062e+00
3.862215e+00
4.060892e+00
4.320229e+00
3.951578e+00
3.647353e+00
3.298689e+00
4.582156e+00
3.753232e+00
2.824383e+00
3.488583e+00
3.696802e+00
3.673402e+00
2.906406e+00
4.263168e+00
4.810725e+00
4.357014e+00
4.128769e+00
2.701167e+00
3.746202e+00
4.464789e+00
2.367674e+00
4.017339e+00
4.110830e+00
3.929282e+00
3.807956e+00
3.759757e+00
3.693911e+00
3.602530e+00
3.459947e+00
4.464311e+00
3.493008e+00
3.200972e+00
3.056354e+00
3.906615e+00
2.988198e+00
4.233423e+00
3.976077e+00
3.582322e+00
3.330932e+00
4.727066e+00
3.629271e+00
4.593229e+00
3.108383e+00
3.848138e+00
2.393535e+00
3.866330e+00
4.301216e+00
3.998173e+00
3.831068e+00
3.048521e+00
4.442397e+00
3.602593e+00
3.964577e+00
3.005036e+00
3.928561e+00
4.599520e+00
3.713989e+00
3.936696e+00
3.909468e+00
4.375141e+00
3.457182e+00
4.244271e+00
3.155025e+00
2.718486e+00
2.950504e+00
4.524026e+00
3.957047e+00
3.741791e+00
3.793018e+00
4.528609e+00
4.012366e+00
4.830858e+00
3.981955e+00
3.401462e+00
4.074833e+00
3.044158e+00
4.479502e+00
3.951328e+00
4.382197e+00
2.656581e+00
4.498257e+00
4.604431e+00
3.135680e+00
4.170595e+00
3.532559e+00
3.441346e+00
4.512237e+00
3.831506e+00
4.145193e+00
4.422524e+00
4.367552e+00
3.643535e+00
3.363750e+00
3.730317e+00
3.395271e+00
3.768692e+00
3.978286e+00
2.176891e+00
4.536880e+00
3.764140e+00
3.851746e+00
4.716447e+00
4.514579e+00
3.660987e+00
3.517784e+00
4.542290e+00
3.879165e+00
3.524760e+00
1.957766e+00
2.733035e+00
4.014625e+00
3.835189e+00
3.800261e+00
3.419252e+00
4.440825e+00
2.116465e+00
2.319576e+00
1.677356e+00
3.554477e+00
4.136093e+00
4.663625e+00
4.092546e+00
3.935089e+00
3.384883e+00
3.271606e+00
3.272790e+00
4.427446e+00
3.817810e+00
4.134973e+00
3.075259e+00
3.627140e+00
3.882616e+00
3.083611e+00
3.103002e+00
4.176080e+00
4.486863e+00
3.995720e+00
3.654341e+00
2.959415e+00
3.458151e+00
3.497886e+00
3.877032e+00
4.250053e+00
3.834082e+00
2.386309e+00
3.876401e+00
3.234949e+00
4.561276e+00
3.765257e+00
4.696248e+00
4.351637e+00
3.928210e+00
4.004270e+00
4.630526e+00
3.765580e+00
4.479113e+00
4.498569e+00
4.316511e+00
3.749716e+00
3.340703e+00
4.460688e+00
4.735904e+00
3.482107e+00
4.565327e+00
3.164484e+00
3.094230e+00
4.030098e+00
3.947829e+00
3.587132e+00
3.217247e+00
3.889193e+00
4.077222e+00
2.809041e+00
2.543625e+00
2.636346e+00
4.678719e+00
4.539997e+00
3.688605e+00
3.530028e+00
4.608930e+00
3.967367e+00
3.126425e+00
3.263853e+00
4.552811e+00
3.130269e+00
3.792680e+00
2.944605e+00
4.150877e+00
4.164613e+00
4.231552e+00
4.355964e+00
4.894014e+00
3.898402e+00
2.636860e+00
3.763594e+00
4.237167e+00
4.617531e+00
3.071751e+00
4.507989e+00
3.171180e+00
4.629365e+00
4.427762e+00
4.134416e+00
4.395090e+00
1.698688e+00
4.614610e+00
4.022092e+00
2.890089e+00
2.357872e+00
4.606514e+00
4.114129e+00
3.812031e+00
3.478436e+00
4.348189e+00
4.744264e+00
3.526967e+00
4.272115e+00
3.854956e+00
2.660475e+00
4.975699e+00
4.129183e+00
3.957179e+00
3.673899e+00
3.841778e+00
4.682154e+00
4.605512e+00
2.888781e+00
3.543057e+00
4.793753e+00
2.766613e+00
3.931388e+00
4.852936e+00
3.702693e+00
2.581874e+00
3.702558e+00
4.017525e+00
4.163302e+00
3.957230e+00
4.587801e+00
4.357361e+00
4.047482e+00
4.487271e+00
4.447263e+00
4.316425e+00
2.650136e+00
3.302540e+00
4.578605e+00
4.569341e+00
4.347507e+00
3.345673e+00
3.596485e+00
3.055249e+00
2.862741e+00
4.644273e+00
4.105099e+00
3.257662e+00
3.900193e+00
4.523620e+00
3.787114e+00
2.734068e+00
3.220800e+00
4.200945e+00
3.105154e+00
4.253572e+00
3.471691e+00
4.656625e+00
4.347519e+00
3.721270e+00
3.611814e+00
2.347780e+00
3.963746e+00
3.891596e+00
4.554350e+00
3.985540e+00
2.830704e+00
3.254104e+00
4.050682e+00
4.246153e+00
3.049032e+00
3.012528e+00
3.864536e+00
4.812915e+00
4.554896e+00
4.867513e+00
4.145437e+00
4.263536e+00
4.889911e+00
2.706490e+00
4.713657e+00
3.013244e+00
3.471018e+00
4.087279e+00
2.581657e+00
3.029894e+00
4.973619e+00
4.247590e+00
2.965049e+00
4.587037e+00
4.668236e+00
4.004383e+00
2.508753e+00
4.625276e+00
3.117649e+00
3.164715e+00
3.496123e+00
4.169397e+00
4.316736e+00
4.689664e+00
4.378385e+00
3.078118e+00
2.963473e+00
4.358107e+00
4.023866e+00
3.505868e+00
4.140439e+00
4.892278e+00
1.219109e+00
3.739364e+00
1.878436e+00
1.530281e+00
4.100224e+00
3.317494e+00
4.516185e+00
2.859449e+00
4.572684e+00
4.740352e+00
4.776523e+00
3.017611e+00
3.235104e+00
3.204155e+00
3.325998e+00
4.319330e+00
3.556621e+00
2.248132e+00
1.903405e+00
3.452831e+00
3.584156e+00
3.970389e+00
2.099674e+00
4.015483e+00
3.697592e+00
4.018907e+00
4.168737e+00
3.143528e+00
4.350239e+00
4.725296e+00
4.529819e+00
4.011343e+00
4.407159e+00
3.609150e+00
4.740163e+00
4.310992e+00
4.556890e+00
4.717025e+00
3.123283e+00
3.861021e+00
3.944707e+00
4.220922e+00
4.333343e+00
4.866629e+00
3.914426e+00
1.770185e+00
4.657202e+00
1.868018e+00
3.240276e+00
3.426145e+00
3.825791e+00
3.771204e+00
2.635016e+00
4.424144e+00
3.337142e+00
3.112204e+00
4.398539e+00
4.313015e+00
4.393030e+00
2.368388e+00
3.813756e+00
3.773354e+00
2.014673e+00
3.777174e+00
4.730303e+00
3.922962e+00
1.732290e+00
4.114041e+00
1.919641e+00
4.566831e+00
4.146727e+00
4.457757e+00
4.304643e+00
1.558542e+00
4.440100e+00
4.516460e+00
3.394212e+00
3.823404e+00
4.739089e+00
4.332009e+00
4.568425e+00
2.676879e+00
4.303808e+00
3.183309e+00
3.639970e+00
3.931195e+00
4.443387e+00
4.189759e+00
4.462048e+00
4.285840e+00
3.537859e+00
3.964688e+00
2.867889e+00
3.447653e+00
2.844160e+00
4.054204e+00
3.667439e+00
4.130249e+00
4.213695e+00
4.346411e+00
4.438001e+00
4.552252e+00
2.622245e+00
3.868005e+00
3.780507e+00
1.896724e+00
4.654658e+00
3.986426e+00
4.401444e+00
3.969674e+00
2.314651e+00
3.799501e+00
3.301980e+00
3.942955e+00
4.171510e+00
4.262605e+00
3.965248e+00
3.851181e+00
4.658506e+00
4.100471e+00
3.191373e+00
4.365490e+00
2.948801e+00
2.870443e+00
4.333314e+00
4.141798e+00
3.856690e+00
3.392558e+00
2.427766e+00
3.337252e+00
3.656189e+00
4.481907e+00
3.980171e+00
3.487388e+00
4.169567e+00
3.839862e+00
4.438645e+00
1.700819e+00
4.075300e+00
3.947026e+00
3.894175e+00
3.968044e+00
4.432400e+00
4.241901e+00
3.510551e+00
4.957190e+00
4.966389e+00
2.351368e+00
1.964686e+00
2.225545e+00
3.719832e+00
2.437149e+00
4.166605e+00
3.729410e+00
4.692688e+00
3.556461e+00
3.357947e+00
3.797667e+00
3.139408e+00
1.733260e+00
4.706059e+00
4.158930e+00
2.794277e+00
3.218005e+00
4.913845e+00
1.875231e+00
4.837716e+00
4.650587e+00
1.884440e+00
4.103577e+00
4.315942e+00
4.367289e+00
3.969231e+00
4.619516e+00
4.624585e+00
4.252969e+00
3.671730e+00
4.140849e+00
3.918801e+00
3.707441e+00
3.315774e+00
4.018648e+00
3.972746e+00
4.451218e+00
4.446704e+00
3.812258e+00
4.216197e+00
4.545244e+00
4.297925e+00
4.124975e+00
3.213312e+00
4.469960e+00
4.068325e+00
2.565923e+00
3.772799e+00
3.787562e+00
3.212834e+00
4.378152e+00
4.599999e+00
4.166769e+00
4.652455e+00
3.873333e+00
4.459814e+00
2.469657e+00
3.800459e+00
3.809082e+00
4.273271e+00
3.837975e+00
3.811999e+00
2.881102e+00
2.780820e+00
1.280827e+00
4.284715e+00
4.774949e+00
3.595207e+00
3.242712e+00
3.783146e+00
4.049079e+00
3.945603e+00
3.952230e+00
2.486429e+00
3.947024e+00
4.128674e+00
3.990562e+00
4.030702e+00
4.251195e+00
4.174431e+00
3.481422e+00
2.517037e+00
4.293067e+00
3.575084e+00
1.936790e+00
3.305416e+00
4.954465e+00
3.969613e+00
4.714931e+00
4.061698e+00
3.499836e+00
2.571553e+00
1.973743e+00
3.911598e+00
4.250948e+00
2.491141e+00
4.516610e+00
4.730522e+00
4.286916e+00
4.243739e+00
4.566725e+00
3.866089e+00
4.743182e+00
3.830647e+00
4.555298e+00
4.102810e+00
4.212597e+00
2.806801e+00
3.423345e+00
4.507031e+00
4.361237e+00
3.963743e+00
3.837599e+00
4.078947e+00
4.741832e+00
3.103589e+00
4.143978e+00
3.709992e+00
2.011489e+00
4.237542e+00
4.731434e+00
4.324872e+00
4.057421e+00
2.824556e+00
3.640585e+00
3.784402e+00
4.340741e+00
4.569375e+00
3.998531e+00
4.690837e+00
4.191730e+00
4.301428e+00
4.548492e+00
4.283461e+00
4.032603e+00
4.554319e+00
3.922789e+00
3.078290e+00
2.831656e+00
3.432295e+00
4.226783e+00
4.525539e+00
4.457884e+00
3.209277e+00
3.747502e+00
3.911078e+00
4.077174e+00
4.627747e+00
4.443906e+00
2.894406e+00
1.636044e+00
2.610590e+00
3.858480e+00
3.993615e+00
4.254266e+00
2.643388e+00
3.285188e+00
2.673426e+00
4.663143e+00
4.342588e+00
4.349358e+00
4.554359e+00
4.581374e+00
3.772834e+00
2.278464e+00
2.683794e+00
3.450622e+00
2.955836e+00
2.921328e+00
4.037589e+00
2.650844e+00
4.177163e+00
4.241551e+00
2.969212e+00
4.424800e+00
3.900584e+00
3.419841e+00
4.029403e+00
3.803520e+00
3.647074e+00
4.167716e+00
3.469038e+00
3.621925e+00
4.215556e+00
4.197001e+00
4.217383e+00
2.129114e+00
4.283450e+00
3.416564e+00
3.809637e+00
3.480459e+00
3.155959e+00
4.016558e+00
3.944930e+00
3.533238e+00
4.527047e+00
3.346970e+00
2.678891e+00
3.499682e+00
3.641236e+00
4.728063e+00
3.722240e+00
4.141733e+00
1.009632e+00
4.224229e+00
3.766937e+00
3.914180e+00
3.693430e+00
4.205793e+00
4.835231e+00
3.009257e+00
4.017424e+00
2.874527e+00
4.453496e+00
4.244048e+00
3.310389e+00
4.039896e+00
3.103214e+00
3.741819e+00
4.761681e+00
3.461026e+00
3.097960e+00
3.419131e+00
3.610355e+00
2.895210e+00
3.135872e+00
3.853204e+00
3.593992e+00
1.801024e+00
4.411218e+00
4.093757e+00
3.536410e+00
2.811314e+00
3.030063e+00
4.265374e+00
3.788886e+00
4.659944e+00
3.878703e+00
4.464691e+00
3.423187e+00
4.084357e+00
4.239857e+00
4.186255e+00
3.899310e+00
3.121116e+00
3.729027e+00
4.241335e+00
3.626914e+00
3.183436e+00
3.960564e+00
4.594291e+00
4.521582e+00
4.827379e+00
4.450475e+00
1.155993e+00
3.685539e+00
4.368036e+00
4.402615e+00
3.767349e+00
3.133813e+00
2.690337e+00
2.159979e+00
4.245567e+00
4.273437e+00
3.811618e+00
4.409309e+00
3.996606e+00
4.462284e+00
4.047106e+00
3.953285e+00
4.069438e+00
3.841113e+00
2.963476e+00
4.022228e+00
3.725807e+00
3.480382e+00
2.878905e+00
4.257840e+00
1.626524e+00
3.780352e+00
3.354210e+00
4.612043e+00
4.039643e+00
4.245896e+00
1.778598e+00
4.071428e+00
3.863863e+00
3.396863e+00
3.899922e+00
2.568595e+00
3.565234e+00
4.021683e+00
3.838826e+00
3.918709e+00
4.033716e+00
3.598794e+00
4.408581e+00
4.162567e+00
2.838979e+00
3.664643e+00
3.968008e+00
3.103773e+00
4.140667e+00
2.992723e+00
3.952412e+00
3.607666e+00
4.311663e+00
3.575952e+00
4.455235e+00
4.400250e+00
1.745572e+00
3.602530e+00
3.568006e+00
3.901548e+00
4.671978e+00
3.132375e+00
4.002686e+00
4.187405e+00
4.475576e+00
4.432077e+00
4.198276e+00
3.582394e+00
4.532609e+00
4.178521e+00
4.272286e+00
3.726794e+00
3.039707e+00
4.829008e+00
2.748983e+00
3.411025e+00
3.746649e+00
3.291491e+00
4.533926e+00
3.804209e+00
4.371616e+00
3.993083e+00
2.266039e+00
1.756989e+00
4.343314e+00
4.872335e+00
3.943469e+00
1.852312e+00
4.382878e+00
4.786291e+00
4.114821e+00
2.964113e+00
3.880738e+00
2.882631e+00
3.105176e+00
4.385697e+00
4.367361e+00
3.281152e+00
3.257876e+00
4.923684e+00
3.339174e+00
4.119471e+00
4.454800e+00
4.776887e+00
3.558526e+00
3.277297e+00
2.850152e+00
3.797560e+00
4.016685e+00
4.168259e+00
3.454331e+00
2.871627e+00
2.322557e+00
4.078172e+00
3.990434e+00
2.167597e+00
2.754003e+00
4.326073e+00
4.563515e+00
2.545409e+00
3.290857e+00
4.077676e+00
4.440298e+00
4.754762e+00
5.002517e+00
4.618907e+00
3.411394e+00
3.986072e+00
3.811966e+00
3.865962e+00
1.349783e+00
4.027163e+00
4.242989e+00
3.615217e+00
1.253954e+00
4.162955e+00
4.309588e+00
1.520845e+00
3.343383e+00
2.990534e+00
4.748302e+00
3.408748e+00
4.128431e+00
2.945794e+00
3.836236e+00
4.612323e+00
4.488518e+00
2.748608e+00
3.428928e+00
2.411010e+00
3.866843e+00
2.890598e+00
4.236092e+00
4.234708e+00
4.027604e+00
3.990494e+00
3.870530e+00
3.713419e+00
4.702381e+00
2.337252e+00
4.596682e+00
4.399753e+00
3.017700e+00
3.939104e+00
3.226862e+00
3.546801e+00
4.345931e+00
4.073467e+00
4.702196e+00
3.918701e+00
3.546949e+00
3.070086e+00
4.402625e+00
4.374719e+00
2.840836e+00
4.495399e+00
2.714418e+00
3.898212e+00
3.515116e+00
3.151774e+00
3.421677e+00
3.008674e+00
4.571052e+00
1.117859e+00
2.891518e+00
4.900597e+00
3.177935e+00
3.574160e+00
1.840987e+00
4.429863e+00
1.547367e+00
3.239693e+00
4.710136e+00
4.198659e+00
4.205390e+00
4.276186e+00
2.563709e+00
3.976417e+00
3.383527e+00
4.078842e+00
3.414654e+00
3.736424e+00
3.550509e+00
2.657241e+00
3.409572e+00
4.176099e+00
3.710580e+00
4.077627e+00
1.322475e+00
3.329413e+00
2.661713e+00
4.015725e+00
1.389228e+00
4.001161e+00
2.788894e+00
3.766094e+00
3.526706e+00
4.795170e+00
4.822199e+00
4.198955e+00
2.875033e+00
4.325378e+00
2.507367e+00
2.599304e+00
1.920464e+00
2.778958e+00
4.799411e+00
3.020159e+00
3.691127e+00
3.482803e+00
4.548888e+00
4.399968e+00
3.644876e+00
2.938190e+00
4.522513e+00
4.295366e+00
4.534387e+00
2.159518e+00
4.510910e+00
4.190576e+00
2.348287e+00
4.173170e+00
3.707649e+00
4.225301e+00
4.277525e+00
4.562465e+00
4.154341e+00
4.797806e+00
3.797012e+00
4.284202e+00
4.911438e+00
4.144418e+00
2.972421e+00
3.674990e+00
3.983742e+00
3.550972e+00
3.668821e+00
3.441609e+00
2.282129e+00
4.346770e+00
4.015364e+00
4.322446e+00
4.052998e+00
4.118409e+00
3.794092e+00
3.798658e+00
4.530383e+00
3.935573e+00
2.743676e+00
4.381988e+00
4.682141e+00
4.125965e+00
2.047389e+00
4.038992e+00
4.223200e+00
4.260141e+00
4.308351e+00
1.747791e+00
4.262607e+00
1.424069e+00
4.172888e+00
3.906859e+00
4.391637e+00
3.984031e+00
4.203029e+00
2.795725e+00
4.281918e+00
4.594357e+00
4.507708e+00
4.978655e+00
3.140017e+00
3.149886e+00
3.365077e+00
4.361076e+00
4.579091e+00
4.245364e+00
3.912907e+00
4.471785e+00
3.380656e+00
4.140680e+00
3.134122e+00
4.392619e+00
3.967376e+00
2.790647e+00
3.673087e+00
4.504428e+00
4.016837e+00
4.252684e+00
3.768503e+00
3.647869e+00
3.756912e+00
4.063220e+00
4.592792e+00
3.870223e+00
4.775762e+00
3.797549e+00
3.902195e+00
2.979095e+00
4.523749e+00
4.824787e+00
1.539604e+00
4.494617e+00
4.389021e+00
3.931314e+00
3.305487e+00
4.607443e+00
4.034635e+00
3.193719e+00
3.489339e+00
3.516131e+00
2.349968e+00
3.304715e+00
3.872822e+00
4.539298e+00
4.029346e+00
4.257803e+00
3.493367e+00
3.793210e+00
3.957675e+00
2.940713e+00
3.926999e+00
3.135362e+00
4.410703e+00
4.454783e+00
4.683747e+00
2.375054e+00
3.185066e+00
4.150555e+00
3.862961e+00
3.608740e+00
3.121383e+00
1.873268e+00
3.990641e+00
3.763680e+00
3.224209e+00
4.868187e+00
3.508551e+00
4.465812e+00
3.266773e+00
4.681458e+00
3.425380e+00
4.849914e+00
3.144517e+00
2.906143e+00
3.666030e+00
3.939966e+00
4.206038e+00
4.899930e+00
2.999913e+00
3.951069e+00
2.970582e+00
3.839909e+00
3.382173e+00
4.695593e+00
4.360362e+00
4.575145e+00
4.205339e+00
3.363475e+00
4.410733e+00
3.966651e+00
3.248320e+00
4.430967e+00
4.599588e+00
4.471382e+00
4.203463e+00
3.846835e+00
4.251020e+00
4.806169e+00
2.582456e+00
4.396602e+00
4.065244e+00
2.670749e+00
1.875965e+00
4.469027e+00
2.976770e+00
4.068642e+00
3.766171e+00
3.818400e+00
2.441416e+00
4.654017e+00
4.121085e+00
3.536980e+00
4.421079e+00
3.888877e+00
3.850389e+00
1.448111e+00
3.287880e+00
3.689644e+00
4.160780e+00
4.654230e+00
4.434322e+00
4.418559e+00
4.652450e+00
4.315991e+00
3.758776e+00
4.469725e+00
2.786961e+00
3.311281e+00
1.701959e+00
4.548370e+00
3.029975e+00
4.150189e+00
3.063357e+00
3.554393e+00
4.572638e+00
4.609838e+00
3.549313e+00
1.107667e+00
4.525341e+00
4.163548e+00
4.893375e+00
4.793430e+00
4.670639e+00
1.734705e+00
3.683789e+00
4.341685e+00
4.606088e+00
4.914829e+00
4.343452e+00
3.550202e+00
4.299665e+00
4.474339e+00
4.185434e+00
4.206391e+00
4.640495e+00
4.403975e+00
3.995332e+00
4.025972e+00
3.671802e+00
3.953892e+00
4.561467e+00
4.002223e+00
2.948409e+00
3.068805e+00
4.116542e+00
4.181879e+00
3.287143e+00
1.186604e+00
3.659358e+00
4.010782e+00
4.076039e+00
3.460247e+00
4.548684e+00
3.603906e+00
2.280522e+00
4.161339e+00
3.673753e+00
3.957234e+00
4.391124e+00
4.808138e+00
3.316364e+00
4.403826e+00
3.863969e+00
3.712451e+00
4.350102e+00
4.276626e+00
4.038971e+00
3.802091e+00
4.385598e+00
4.193679e+00
3.814181e+00
3.424774e+00
3.593866e+00
3.927369e+00
2.510279e+00
3.498252e+00
3.784505e+00
4.315580e+00
4.098429e+00
3.678648e+00
4.379030e+00
4.180388e+00
3.702314e+00
4.105076e+00
4.186316e+00
2.533954e+00
2.357138e+00
3.167753e+00
3.079323e+00
2.531241e+00
4.603706e+00
3.579468e+00
4.111648e+00
1.907751e+00
4.717082e+00
4.467613e+00
3.483344e+00
4.080716e+00
3.902675e+00
3.262496e+00
4.379268e+00
4.317620e+00
4.367851e+00
3.480529e+00
4.940339e+00
2.980961e+00
3.683949e+00
3.616990e+00
4.011272e+00
4.569892e+00
4.191513e+00
4.423131e+00
3.595726e+00
4.273247e+00
2.709329e+00
4.268018e+00
2.510330e+00
4.752133e+00
3.069659e+00
3.044299e+00
4.115051e+00
4.077608e+00
3.333567e+00
2.009765e+00
4.639462e+00
3.094134e+00
4.074335e+00
3.900926e+00
4.803188e+00
4.551018e+00
2.846699e+00
3.327705e+00
1.799033e+00
3.490532e+00
3.285976e+00
3.791042e+00
2.282425e+00
4.446829e+00
4.263345e+00
1.827974e+00
4.563362e+00
3.298308e+00
4.739383e+00
3.397036e+00
2.980201e+00
3.816473e+00
3.178914e+00
3.931177e+00
3.721479e+00
3.875857e+00
4.040457e+00
4.796479e+00
3.441889e+00
3.531411e+00
4.154697e+00
4.101455e+00
3.223453e+00
4.565503e+00
4.070613e+00
4.008098e+00
2.862310e+00
4.248172e+00
3.877532e+00
2.584675e+00
4.505593e+00
4.187150e+00
2.481496e+00
4.516747e+00
4.244178e+00
4.213755e+00
3.836822e+00
4.706465e+00
4.764695e+00
4.788489e+00
3.582590e+00
3.979492e+00
4.158936e+00
3.687375e+00
3.538808e+00
3.525386e+00
4.796492e+00
4.706020e+00
4.958837e+00
2.907361e+00
3.935313e+00
2.916322e+00
4.679688e+00
4.434951e+00
4.085279e+00
3.525342e+00
4.206347e+00
3.453814e+00
3.974580e+00
4.169269e+00
3.726260e+00
4.513240e+00
2.789937e+00
3.704615e+00
3.479072e+00
3.360273e+00
4.570141e+00
2.989977e+00
3.698386e+00
4.561287e+00
4.056378e+00
4.989601e+00
4.576494e+00
3.850938e+00
3.511221e+00
4.600229e+00
3.890309e+00
4.313417e+00
3.771348e+00
2.773793e+00
3.154261e+00
4.233132e+00
4.455314e+00
3.001279e+00
4.419945e+00
4.464817e+00
4.510393e+00
4.028434e+00
3.928014e+00
4.149188e+00
3.441609e+00
3.953245e+00
4.441067e+00
3.330010e+00
3.200754e+00
1.568618e+00
4.653937e+00
2.998548e+00
2.549109e+00
3.670521e+00
3.005710e+00
3.398997e+00
3.967219e+00
3.386523e+00
3.467154e+00
3.730017e+00
3.512900e+00
1.273502e+00
3.210462e+00
3.102926e+00
4.237612e+00
3.054793e+00
4.114838e+00
4.641248e+00
4.302416e+00
3.320259e+00
3.866899e+00
2.234831e+00
3.027357e+00
4.319563e+00
4.152334e+00
3.732883e+00
3.167385e+00
3.810336e+00
3.555627e+00
3.914484e+00
3.161506e+00
3.386891e+00
4.282600e+00
2.950890e+00
4.436681e+00
4.552347e+00
4.573577e+00
2.353901e+00
3.392370e+00
3.271054e+00
3.287387e+00
2.798933e+00
4.018338e+00
4.362775e+00
3.183009e+00
3.335225e+00
3.691301e+00
4.520056e+00
4.143890e+00
2.652717e+00
4.656884e+00
4.485097e+00
2.274909e+00
3.764803e+00
3.856312e+00
4.187543e+00
2.183236e+00
4.136693e+00
3.034690e+00
4.195591e+00
4.135284e+00
4.408355e+00
4.404267e+00
4.772201e+00
3.982028e+00
4.257198e+00
4.453454e+00
2.725706e+00
3.788644e+00
3.521634e+00
3.727872e+00
4.396467e+00
3.241618e+00
2.241283e+00
4.897972e+00
3.950418e+00
3.936146e+00
3.789515e+00
3.354843e+00
4.069012e+00
4.091951e+00
3.663161e+00
3.548004e+00
4.151785e+00
1.527799e+00
3.334940e+00
3.967760e+00
4.936943e+00
4.209118e+00
3.044105e+00
4.488013e+00
3.529962e+00
4.123629e+00
3.242790e+00
4.992885e+00
4.346930e+00
2.981532e+00
2.580447e+00
4.139617e+00
3.531975e+00
3.887242e+00
4.924007e+00
4.114319e+00
3.361490e+00
4.023871e+00
3.465544e+00
4.314754e+00
2.732882e+00
3.810977e+00
4.122859e+00
3.835879e+00
4.115905e+00
3.530795e+00
4.825245e+00
3.736184e+00
4.698984e+00
4.401175e+00
4.615904e+00
2.873172e+00
4.747270e+00
2.209945e+00
3.942265e+00
4.182890e+00
3.757701e+00
4.095190e+00
5.000000e+00
2.479528e+00
4.186432e+00
4.154809e+00
3.268036e+00
3.723257e+00
3.199125e+00
3.449054e+00
3.074837e+00
3.483670e+00
4.763841e+00
2.740241e+00
3.947963e+00
3.392104e+00
3.820789e+00
4.036386e+00
3.569872e+00
3.688160e+00
4.107244e+00
4.241703e+00
4.053312e+00
3.775624e+00
1.526643e+00
2.286254e+00
2.782857e+00
3.248095e+00
3.223963e+00
4.330226e+00
4.187597e+00
3.380244e+00
3.814673e+00
3.881668e+00
3.768788e+00
4.653831e+00
3.557359e+00
3.528053e+00
3.822195e+00
4.236422e+00
4.654657e+00
4.768236e+00
4.266500e+00
4.308052e+00
4.200216e+00
3.539255e+00
4.441441e+00
2.178590e+00
3.493883e+00
4.148027e+00
4.301570e+00
3.292600e+00
3.689437e+00
4.755297e+00
4.279640e+00
5.000000e+00
3.104560e+00
3.129498e+00
4.593414e+00
3.734116e+00
3.757446e+00
3.851085e+00
4.152479e+00
3.048234e+00
4.709207e+00
4.183361e+00
3.490457e+00
4.173242e+00
3.254909e+00
3.242695e+00
4.496557e+00
3.510906e+00
1.466351e+00
2.322409e+00
2.937515e+00
3.366948e+00
4.342464e+00
2.049962e+00
4.085113e+00
4.388995e+00
2.645758e+00
3.810525e+00
3.955970e+00
4.788166e+00
3.143412e+00
2.433040e+00
4.049314e+00
4.479524e+00
3.997898e+00
3.463784e+00
3.743612e+00
3.729429e+00
4.544039e+00
3.322788e+00
4.639195e+00
3.179318e+00
3.513922e+00
3.939607e+00
4.300137e+00
4.708425e+00
4.106154e+00
2.935994e+00
3.572608e+00
4.559157e+00
4.362399e+00
4.381721e+00
4.212368e+00
3.250303e+00
4.455413e+00
4.011293e+00
4.427832e+00
4.250668e+00
3.936235e+00
4.194483e+00
3.601993e+00
2.631961e+00
3.010162e+00
4.119682e+00
3.860406e+00
4.536488e+00
3.800407e+00
4.190846e+00
4.026066e+00
3.047950e+00
4.072764e+00
3.675225e+00
3.302535e+00
4.283240e+00
4.382380e+00
3.504693e+00
3.847892e+00
4.108634e+00
4.700488e+00
1.201476e+00
3.667167e+00
3.123168e+00
3.055790e+00
3.735534e+00
3.590494e+00
3.761390e+00
3.948254e+00
2.466564e+00
4.497098e+00
4.401810e+00
4.321522e+00
4.114595e+00
4.101789e+00
3.385437e+00
3.660776e+00
4.483623e+00
3.610823e+00
3.748369e+00
4.558750e+00
4.512148e+00
3.854933e+00
3.853736e+00
3.585781e+00
3.169843e+00
3.709732e+00
4.455465e+00
2.820021e+00
3.346855e+00
2.950076e+00
3.503983e+00
4.444982e+00
3.482139e+00
3.205379e+00
4.155311e+00
2.747992e+00
1.871067e+00
4.100732e+00
3.161504e+00
3.585112e+00
3.703176e+00
2.551286e+00
3.898962e+00
4.337758e+00
3.419752e+00
4.267578e+00
2.165407e+00
2.886948e+00
2.606217e+00
4.582321e+00
2.888906e+00
4.369174e+00
2.719840e+00
3.441429e+00
4.000534e+00
3.338429e+00
3.178856e+00
3.838691e+00
3.853242e+00
3.093392e+00
4.084574e+00
3.838224e+00
2.767824e+00
4.327405e+00
1.834108e+00
4.250061e+00
4.166760e+00
3.907579e+00
3.849699e+00
4.552274e+00
4.277588e+00
3.783190e+00
3.055834e+00
3.371639e+00
3.451089e+00
3.956228e+00
3.969349e+00
3.880974e+00
3.952461e+00
3.013607e+00
3.745483e+00
3.728511e+00
4.584312e+00
3.340878e+00
4.171757e+00
2.793947e+00
4.097355e+00
2.880019e+00
4.823154e+00
3.235169e+00
3.446953e+00
4.335572e+00
3.170265e+00
4.152384e+00
4.512570e+00
3.676834e+00
4.375477e+00
3.555623e+00
3.251519e+00
3.632510e+00
3.870353e+00
4.640491e+00
4.196110e+00
3.588888e+00
4.004378e+00
3.723350e+00
3.864623e+00
4.274190e+00
4.528129e+00
3.465205e+00
4.117476e+00
3.630340e+00
4.155031e+00
4.294629e+00
5.000000e+00
4.173203e+00
4.117086e+00
2.954194e+00
2.798286e+00
3.833762e+00
4.457277e+00
3.399834e+00
2.538179e+00
4.385441e+00
4.360390e+00
3.267434e+00
4.199002e+00
2.214171e+00
4.727981e+00
4.057036e+00
4.162327e+00
4.821285e+00
4.365003e+00
3.813120e+00
4.511323e+00
2.966640e+00
3.607886e+00
3.010203e+00
3.411416e+00
1.872295e+00
4.335344e+00
3.478122e+00
4.141282e+00
3.872775e+00
4.353494e+00
3.908525e+00
4.384158e+00
3.778441e+00
4.574218e+00
4.174575e+00
2.394651e+00
4.551927e+00
3.338165e+00
3.522187e+00
4.607394e+00
4.691894e+00
3.440500e+00
2.287966e+00
4.398386e+00
3.498913e+00
4.942748e+00
4.690144e+00
3.083322e+00
4.098184e+00
4.797553e+00
3.333818e+00
3.756824e+00
2.901202e+00
3.952481e+00
4.399858e+00
3.798465e+00
4.333852e+00
4.173028e+00
4.855598e+00
4.332808e+00
2.209171e+00
2.632455e+00
3.213264e+00
3.964939e+00
4.475923e+00
4.111385e+00
3.828225e+00
4.394338e+00
3.019160e+00
3.509474e+00
3.284234e+00
4.124811e+00
4.562861e+00
4.109499e+00
1.995607e+00
2.259576e+00
3.920587e+00
3.875069e+00
4.268936e+00
2.822973e+00
3.998867e+00
3.557475e+00
4.378612e+00
3.685149e+00
3.949279e+00
4.753786e+00
3.532999e+00
4.150528e+00
3.876145e+00
4.370548e+00
3.295847e+00
3.299681e+00
3.989843e+00
4.398489e+00
4.056635e+00
4.763470e+00
3.985305e+00
3.587640e+00
4.090988e+00
4.342031e+00
1.521694e+00
3.715803e+00
4.375487e+00
3.263890e+00
4.149371e+00
3.499198e+00
3.528685e+00
3.629028e+00
4.371664e+00
3.321204e+00
4.151398e+00
4.372495e+00
4.401096e+00
4.318563e+00
4.807844e+00
3.398043e+00
3.709956e+00
4.242170e+00
3.921121e+00
4.436792e+00
2.936969e+00
3.981491e+00
3.014030e+00
3.287017e+00
3.590693e+00
2.769153e+00
4.062621e+00
4.494138e+00
2.534078e+00
1.288073e+00
4.464662e+00
3.092444e+00
4.177603e+00
4.198870e+00
4.076893e+00
2.849563e+00
2.897363e+00
4.132415e+00
3.047688e+00
2.467580e+00
4.006154e+00
4.545665e+00
2.325787e+00
4.565954e+00
3.341513e+00
4.664146e+00
3.916408e+00
3.514507e+00
4.477264e+00
3.220867e+00
3.228718e+00
3.735027e+00
2.994051e+00
4.024319e+00
4.369776e+00
3.591982e+00
4.299708e+00
4.370187e+00
3.001846e+00
2.748707e+00
2.055123e+00
4.161084e+00
4.220936e+00
4.512303e+00
2.880487e+00
2.959960e+00
3.434710e+00
4.421252e+00
4.612280e+00
4.145606e+00
3.599426e+00
3.568777e+00
3.983159e+00
3.452859e+00
3.822975e+00
4.632307e+00
4.501503e+00
4.203019e+00
4.272600e+00
2.075655e+00
4.071391e+00
3.300859e+00
4.204920e+00
1.481554e+00
4.422557e+00
4.695764e+00
4.172077e+00
2.871238e+00
3.511099e+00
3.272190e+00
4.556286e+00
4.379782e+00
3.730442e+00
4.468557e+00
4.315010e+00
3.037794e+00
2.885161e+00
4.144538e+00
4.142110e+00
4.110567e+00
3.818366e+00
3.968130e+00
2.480494e+00
2.713250e+00
3.764763e+00
4.774076e+00
4.522147e+00
2.328679e+00
3.616246e+00
4.851719e+00
3.233646e+00
2.918922e+00
4.157603e+00
3.880335e+00
2.963080e+00
3.708713e+00
2.295905e+00
3.746135e+00
4.262995e+00
1.663365e+00
4.454643e+00
4.432861e+00
2.065815e+00
2.481427e+00
4.313002e+00
3.541776e+00
3.719236e+00
2.954749e+00
2.786588e+00
3.954526e+00
4.069463e+00
4.255652e+00
4.739272e+00
3.567996e+00
4.718087e+00
2.984274e+00
4.514457e+00
3.953101e+00
3.521505e+00
4.100919e+00
3.947888e+00
3.681825e+00
4.346122e+00
4.120532e+00
4.004708e+00
4.065800e+00
4.019035e+00
4.698157e+00
4.409588e+00
3.797513e+00
3.701984e+00
3.003533e+00
4.734339e+00
3.695624e+00
3.702955e+00
4.249882e+00
4.431947e+00
3.427366e+00
4.027420e+00
4.253316e+00
4.533765e+00
3.674233e+00
2.154236e+00
4.678278e+00
2.907347e+00
4.295173e+00
4.816056e+00
3.952009e+00
3.654936e+00
4.488213e+00
2.857824e+00
3.494317e+00
3.928746e+00
3.667579e+00
4.425587e+00
4.711199e+00
1.788214e+00
4.306232e+00
4.302108e+00
3.715118e+00
2.611192e+00
2.469155e+00
3.549795e+00
3.980402e+00
1.969357e+00
3.634828e+00
4.553373e+00
2.321999e+00
2.806913e+00
3.972998e+00
3.948002e+00
4.915382e+00
2.854681e+00
3.870212e+00
4.598938e+00
3.486614e+00
2.992685e+00
3.212171e+00
2.282588e+00
3.046143e+00
4.189010e+00
4.545067e+00
4.288502e+00
4.067651e+00
4.649408e+00
3.467031e+00
3.861341e+00
4.415250e+00
4.308311e+00
5.000000e+00
4.343333e+00
4.640917e+00
3.946939e+00
3.769026e+00
4.373378e+00
2.560528e+00
4.336676e+00
3.635172e+00
4.447503e+00
4.740968e+00
4.159782e+00
3.411689e+00
3.188855e+00
3.942566e+00
4.019526e+00
3.622390e+00
3.792659e+00
3.454883e+00
2.867953e+00
3.666992e+00
3.268946e+00
4.521168e+00
2.766304e+00
4.522764e+00
4.863681e+00
3.726148e+00
2.771811e+00
4.836725e+00
3.967914e+00
4.163938e+00
4.160442e+00
4.369862e+00
4.230711e+00
4.827749e+00
4.805790e+00
2.334962e+00
4.558323e+00
3.722629e+00
3.941815e+00
2.734463e+00
3.487790e+00
4.141665e+00
4.070085e+00
4.423784e+00
3.640539e+00
2.460584e+00
4.182807e+00
3.833430e+00
3.666085e+00
4.126813e+00
4.843473e+00
3.490226e+00
3.677049e+00
4.471166e+00
3.675152e+00
3.761410e+00
3.542842e+00
2.052624e+00
3.927186e+00
4.550883e+00
4.592568e+00
3.819060e+00
4.490818e+00
4.414249e+00
3.884987e+00
2.645725e+00
3.432258e+00
3.413656e+00
3.415044e+00
4.512294e+00
4.530329e+00
4.203391e+00
4.218907e+00
4.176331e+00
4.384524e+00
3.650095e+00
4.336477e+00
2.151040e+00
1.397946e+00
4.594733e+00
2.752743e+00
4.097662e+00
3.959750e+00
4.716569e+00
3.080188e+00
2.072462e+00
3.307454e+00
4.273737e+00
2.380388e+00
1.638970e+00
4.339524e+00
1.890348e+00
4.018900e+00
4.282091e+00
3.864694e+00
2.751226e+00
4.469265e+00
3.634608e+00
4.228577e+00
3.487725e+00
3.437491e+00
3.708035e+00
3.801204e+00
3.853407e+00
4.296380e+00
3.980027e+00
1.958487e+00
3.974758e+00
4.632792e+00
4.093451e+00
4.177607e+00
3.086508e+00
4.565849e+00
3.670492e+00
3.537490e+00
4.412292e+00
1.590242e+00
2.765275e+00
4.917686e+00
3.279375e+00
4.500132e+00
4.192913e+00
3.343790e+00
4.007961e+00
4.191933e+00
3.820627e+00
3.844218e+00
4.621020e+00
3.193935e+00
4.915050e+00
3.885276e+00
4.661385e+00
1.698057e+00
4.002280e+00
4.043683e+00
3.136009e+00
4.023190e+00
2.941974e+00
4.136136e+00
4.396422e+00
4.200934e+00
3.881664e+00
3.476982e+00
2.204664e+00
3.682990e+00
4.520423e+00
4.844532e+00
4.553892e+00
1.941723e+00
3.815979e+00
1.591321e+00
3.847536e+00
4.872573e+00
4.465279e+00
3.764952e+00
1.694401e+00
4.579860e+00
4.497958e+00
4.125702e+00
1.637380e+00
3.370506e+00
3.454861e+00
3.439122e+00
4.190682e+00
4.166180e+00
3.311651e+00
3.700989e+00
2.976789e+00
2.786039e+00
3.726288e+00
4.807186e+00
4.204860e+00
3.793139e+00
4.373792e+00
3.773636e+00
3.578243e+00
2.185447e+00
4.328102e+00
4.054038e+00
3.172600e+00
4.256115e+00
3.218240e+00
3.568605e+00
4.467269e+00
3.957012e+00
3.439170e+00
4.354859e+00
3.945695e+00
4.193751e+00
3.905361e+00
3.094727e+00
4.535293e+00
3.807356e+00
3.515117e+00
2.144670e+00
3.684329e+00
4.292520e+00
3.969666e+00
4.436458e+00
4.229194e+00
4.018463e+00
4.240284e+00
4.120273e+00
4.702906e+00
3.084802e+00
4.105707e+00
4.118589e+00
2.327488e+00
3.839758e+00
3.971637e+00
3.445087e+00
3.965081e+00
2.826143e+00
3.668951e+00
4.370832e+00
4.065034e+00
4.242501e+00
4.104540e+00
4.268450e+00
3.861784e+00
2.588614e+00
3.457455e+00
3.911795e+00
3.987677e+00
4.055264e+00
2.355571e+00
4.734343e+00
4.085482e+00
4.547083e+00
4.716400e+00
3.019538e+00
2.191376e+00
3.567801e+00
4.311823e+00
3.190717e+00
4.518871e+00
4.544839e+00
3.617086e+00
4.055200e+00
3.907700e+00
4.491601e+00
3.355534e+00
3.156531e+00
4.059666e+00
3.782432e+00
3.222456e+00
4.439775e+00
1.226013e+00
3.602176e+00
3.945419e+00
3.161144e+00
4.395957e+00
4.633603e+00
3.832550e+00
4.041215e+00
4.588896e+00
4.022548e+00
3.199751e+00
3.892578e+00
5.000000e+00
3.546948e+00
3.586386e+00
3.449276e+00
4.250378e+00
3.893638e+00
4.882101e+00
4.595551e+00
4.692884e+00
3.680665e+00
2.307620e+00
3.634486e+00
3.842817e+00
3.685222e+00
3.997931e+00
3.409572e+00
2.936266e+00
3.720975e+00
4.746570e+00
3.319399e+00
3.216912e+00
3.463120e+00
4.455465e+00
3.385440e+00
2.711215e+00
4.526410e+00
2.437276e+00
3.366998e+00
4.120984e+00
2.822946e+00
3.635211e+00
4.400656e+00
3.000085e+00
3.105497e+00
4.847735e+00
2.158356e+00
3.666632e+00
3.422489e+00
2.376572e+00
4.136911e+00
4.788273e+00
3.499102e+00
3.309156e+00
4.497137e+00
4.050040e+00
4.469220e+00
3.374949e+00
4.614473e+00
4.239651e+00
3.760884e+00
3.250649e+00
4.402646e+00
2.924004e+00
3.601047e+00
4.709065e+00
3.845457e+00
1.661677e+00
3.853265e+00
3.258363e+00
3.620842e+00
2.906939e+00
4.433836e+00
3.897177e+00
3.736304e+00
4.473068e+00
4.204211e+00
2.552266e+00
4.274513e+00
3.201271e+00
3.358064e+00
3.716000e+00
4.023595e+00
3.650529e+00
4.348869e+00
3.812296e+00
3.987360e+00
4.198780e+00
3.704897e+00
3.604061e+00
3.771255e+00
3.619240e+00
4.383788e+00
2.403522e+00
4.047990e+00
2.934549e+00
3.744346e+00
1.959561e+00
4.294583e+00
3.563573e+00
3.453196e+00
4.592259e+00
1.904238e+00
3.978966e+00
4.333438e+00
3.658607e+00
3.774022e+00
4.823965e+00
4.380129e+00
3.267501e+00
4.727874e+00
3.780448e+00
3.226708e+00
3.531524e+00
3.763891e+00
4.060108e+00
3.924507e+00
3.333906e+00
4.457185e+00
3.393109e+00
4.689311e+00
3.952140e+00
4.290585e+00
3.087151e+00
2.070116e+00
3.738140e+00
4.089560e+00
2.817156e+00
4.166053e+00
4.576488e+00
3.236890e+00
4.040821e+00
3.135474e+00
4.908363e+00
4.342230e+00
4.941330e+00
2.252720e+00
3.607545e+00
4.584690e+00
3.526642e+00
3.459340e+00
3.662490e+00
4.116146e+00
3.077775e+00
4.894147e+00
3.512414e+00
4.202910e+00
3.448111e+00
2.980016e+00
4.522599e+00
3.462371e+00
2.887383e+00
2.934753e+00
3.072760e+00
2.927673e+00
3.220880e+00
3.926484e+00
2.566033e+00
4.250275e+00
1.695234e+00
4.116234e+00
4.062454e+00
3.431421e+00
3.859277e+00
3.293124e+00
3.987716e+00
2.266092e+00
3.451345e+00
3.916975e+00
2.609525e+00
4.588926e+00
4.275927e+00
3.949433e+00
3.963521e+00
4.489499e+00
2.989761e+00
1.573555e+00
4.062880e+00
2.547159e+00
4.175973e+00
3.619510e+00
4.123710e+00
4.643439e+00
2.439795e+00
4.656496e+00
4.236528e+00
4.577205e+00
4.827129e+00
5.000000e+00
3.977335e+00
3.881727e+00
3.911352e+00
3.907565e+00
4.417369e+00
4.041442e+00
1.945099e+00
4.051356e+00
4.204446e+00
4.744194e+00
3.640156e+00
3.663397e+00
4.245867e+00
4.598530e+00
4.579961e+00
2.711830e+00
3.422410e+00
4.402762e+00
4.317433e+00
4.155828e+00
3.010024e+00
3.648473e+00
3.015227e+00
1.790877e+00
3.619809e+00
4.508261e+00
1.923391e+00
2.475591e+00
1.594083e+00
3.277207e+00
3.861863e+00
3.809484e+00
3.412431e+00
4.656850e+00
4.268892e+00
3.340877e+00
3.970497e+00
3.413255e+00
1.184238e+00
3.378792e+00
4.474214e+00
3.062048e+00
3.878042e+00
3.948884e+00
3.846752e+00
4.552141e+00
4.241006e+00
2.722207e+00
2.430313e+00
1.523315e+00
3.628347e+00
4.426028e+00
2.224658e+00
3.638479e+00
4.094217e+00
3.913579e+00
3.150396e+00
4.424014e+00
3.563659e+00
4.481034e+00
3.671948e+00
4.308620e+00
4.806561e+00
4.875419e+00
3.928139e+00
2.609585e+00
4.220576e+00
3.596634e+00
3.462839e+00
4.448357e+00
3.815380e+00
3.703739e+00
3.126982e+00
3.354469e+00
4.545922e+00
4.451170e+00
3.616568e+00
3.575263e+00
2.687126e+00
3.972485e+00
2.910780e+00
4.374940e+00
4.452699e+00
3.237082e+00
4.391754e+00
4.621372e+00
4.276741e+00
4.636265e+00
4.028031e+00
2.777349e+00
3.246374e+00
3.820627e+00
4.469880e+00
3.418763e+00
2.423834e+00
2.563939e+00
3.672224e+00
3.498172e+00
3.957939e+00
4.014935e+00
4.837100e+00
3.674133e+00
4.018421e+00
4.410130e+00
3.526423e+00
2.033327e+00
3.177335e+00
4.091915e+00
4.409626e+00
4.062492e+00
4.087771e+00
4.311643e+00
3.754707e+00
3.774207e+00
4.839756e+00
4.196126e+00
4.655916e+00
3.352595e+00
3.334277e+00
3.944579e+00
4.050671e+00
4.386557e+00
4.044090e+00
4.702476e+00
3.365189e+00
3.078156e+00
3.502191e+00
3.718502e+00
3.425974e+00
3.678705e+00
3.831046e+00
4.379957e+00
4.120338e+00
4.135456e+00
3.419450e+00
3.656064e+00
4.623352e+00
4.158208e+00
4.430762e+00
3.455866e+00
3.273197e+00
4.236328e+00
3.090709e+00
4.605071e+00
3.659901e+00
3.936880e+00
4.925986e+00
4.738722e+00
4.485354e+00
2.962782e+00
3.283992e+00
4.231834e+00
2.815201e+00
4.599000e+00
1.280656e+00
2.560332e+00
4.758733e+00
4.304239e+00
2.665304e+00
2.890444e+00
4.031175e+00
4.116602e+00
4.203924e+00
1.833028e+00
3.018411e+00
3.681198e+00
4.292087e+00
4.846313e+00
3.937437e+00
2.584037e+00
4.851669e+00
2.312006e+00
4.601062e+00
3.835234e+00
4.144352e+00
3.856148e+00
3.052782e+00
3.611234e+00
4.303357e+00
4.387483e+00
3.609105e+00
4.120602e+00
3.515411e+00
3.166277e+00
2.114926e+00
4.289560e+00
3.547322e+00
4.411269e+00
2.979359e+00
3.920166e+00
2.797994e+00
2.657435e+00
3.562785e+00
4.435468e+00
3.091043e+00
3.033259e+00
4.264260e+00
3.316153e+00
3.559487e+00
4.336304e+00
3.588141e+00
4.720973e+00
3.079986e+00
4.880439e+00
2.263621e+00
4.736033e+00
1.523023e+00
1.573181e+00
2.745347e+00
3.340210e+00
3.053356e+00
4.642841e+00
4.649826e+00
4.264907e+00
3.686265e+00
4.947567e+00
3.696839e+00
4.072673e+00
3.651089e+00
4.459831e+00
4.065647e+00
4.658344e+00
3.027472e+00
4.612910e+00
4.994746e+00
3.528424e+00
4.387667e+00
4.692104e+00
2.908916e+00
3.816631e+00
4.296065e+00
4.241405e+00
2.522787e+00
2.351161e+00
1.364093e+00
3.366176e+00
4.683404e+00
2.902180e+00
4.343830e+00
4.491301e+00
3.668439e+00
3.456015e+00
2.701746e+00
3.407134e+00
2.281035e+00
3.434811e+00
4.878872e+00
3.668717e+00
4.057252e+00
3.750746e+00
3.525365e+00
5.000000e+00
4.782590e+00
2.740836e+00
4.587331e+00
4.540139e+00
2.511144e+00
3.397882e+00
4.092468e+00
3.691212e+00
3.882791e+00
4.128926e+00
3.284824e+00
4.290760e+00
4.250479e+00
3.603041e+00
3.600975e+00
3.930916e+00
3.559247e+00
2.643485e+00
4.321158e+00
3.572957e+00
3.718900e+00
3.904537e+00
2.468852e+00
3.916677e+00
2.555156e+00
4.345421e+00
4.612143e+00
3.560945e+00
4.172932e+00
3.974731e+00
3.528521e+00
3.776613e+00
4.286879e+00
3.374789e+00
4.748028e+00
4.258550e+00
3.131198e+00
4.719202e+00
4.575403e+00
4.160315e+00
2.293525e+00
3.703287e+00
3.564981e+00
3.084358e+00
4.295213e+00
3.818265e+00
4.149825e+00
3.907332e+00
3.595163e+00
4.409638e+00
4.241337e+00
4.300874e+00
4.278013e+00
4.247063e+00
3.231828e+00
4.013796e+00
3.425922e+00
3.877804e+00
3.498590e+00
4.068785e+00
4.364073e+00
3.503340e+00
4.203920e+00
2.034013e+00
4.290661e+00
4.169874e+00
3.607337e+00
4.102104e+00
4.007798e+00
3.706604e+00
4.390698e+00
3.828610e+00
3.019996e+00
4.551816e+00
4.446521e+00
3.918947e+00
4.112815e+00
4.315135e+00
3.577509e+00
2.260271e+00
3.715800e+00
2.889275e+00
3.829892e+00
3.952348e+00
4.135802e+00
3.874802e+00
3.894563e+00
2.926123e+00
3.799204e+00
4.399217e+00
3.950475e+00
4.488278e+00
3.395346e+00
4.398021e+00
3.785855e+00
4.241402e+00
4.512383e+00
3.210108e+00
4.248867e+00
3.934818e+00
3.850000e+00
2.244891e+00
2.590898e+00
4.291363e+00
3.526802e+00
3.048980e+00
3.665959e+00
3.611232e+00
3.236608e+00
4.046286e+00
4.280542e+00
4.076602e+00
3.885384e+00
3.422407e+00
2.750477e+00
4.859061e+00
4.507814e+00
3.981137e+00
3.744433e+00
4.060989e+00
2.782554e+00
4.172058e+00
4.527049e+00
4.503210e+00
2.242021e+00
4.229856e+00
4.622045e+00
4.726611e+00
3.808367e+00
3.416793e+00
4.467035e+00
3.695449e+00
4.197773e+00
4.165451e+00
3.652841e+00
4.614288e+00
4.168232e+00
4.643103e+00
3.441755e+00
4.810239e+00
2.537364e+00
2.580244e+00
3.692358e+00
4.723199e+00
2.308689e+00
4.616665e+00
3.205406e+00
3.686723e+00
4.269797e+00
4.708698e+00
4.695408e+00
3.248227e+00
3.959767e+00
4.318073e+00
3.697990e+00
4.616134e+00
2.977038e+00
3.284703e+00
4.151257e+00
4.332388e+00
4.505593e+00
4.262920e+00
3.003652e+00
3.415549e+00
4.290228e+00
4.607630e+00
1.701086e+00
4.336667e+00
3.026381e+00
4.145100e+00
3.325083e+00
4.617046e+00
3.231052e+00
4.263012e+00
4.167677e+00
2.957667e+00
4.408243e+00
3.472663e+00
4.834800e+00
3.699911e+00
4.425377e+00
4.324021e+00
3.318607e+00
3.291374e+00
3.974888e+00
4.139966e+00
3.729684e+00
4.332824e+00
4.669960e+00
4.269939e+00
4.012312e+00
4.950287e+00
3.599030e+00
4.112610e+00
1.529228e+00
4.335106e+00
3.558923e+00
5.000000e+00
4.316428e+00
3.796692e+00
4.084802e+00
2.524854e+00
4.020582e+00
4.140917e+00
4.378651e+00
1.760653e+00
3.950450e+00
4.724525e+00
3.828687e+00
4.129857e+00
3.663501e+00
4.184539e+00
3.908016e+00
3.098762e+00
4.436208e+00
2.851676e+00
4.558187e+00
4.043885e+00
4.534584e+00
4.162732e+00
4.257745e+00
4.325730e+00
4.599317e+00
3.880575e+00
2.989055e+00
2.004669e+00
4.318368e+00
3.544158e+00
4.488147e+00
3.573531e+00
3.150000e+00
1.818571e+00
3.495529e+00
4.140810e+00
2.215906e+00
3.137736e+00
3.316447e+00
4.525425e+00
3.138131e+00
3.563630e+00
4.582471e+00
4.850665e+00
4.724216e+00
4.235675e+00
3.741103e+00
3.777120e+00
3.628280e+00
4.124332e+00
3.876205e+00
3.826907e+00
4.670385e+00
4.325034e+00
4.120137e+00
4.250014e+00
4.621072e+00
4.132984e+00
2.726871e+00
3.928211e+00
3.231393e+00
4.252437e+00
4.212380e+00
3.376954e+00
2.960551e+00
4.397502e+00
4.040037e+00
4.566429e+00
4.144076e+00
2.577886e+00
3.877827e+00
2.811747e+00
3.166312e+00
4.198923e+00
3.958964e+00
3.319318e+00
4.690369e+00
3.705762e+00
4.019015e+00
2.809905e+00
3.248458e+00
4.021773e+00
2.493279e+00
3.794893e+00
3.924858e+00
2.882459e+00
4.049163e+00
2.737635e+00
4.658251e+00
4.018828e+00
3.764074e+00
4.382802e+00
2.934522e+00
2.780600e+00
2.495768e+00
3.360627e+00
3.721339e+00
4.258059e+00
3.009316e+00
2.686266e+00
3.692063e+00
1.804142e+00
3.364330e+00
4.608912e+00
2.799907e+00
4.254309e+00
4.101379e+00
3.590013e+00
4.053255e+00
3.949478e+00
3.623829e+00
3.740260e+00
3.400283e+00
4.834547e+00
3.248600e+00
4.209945e+00
3.205256e+00
3.856734e+00
3.146310e+00
4.377859e+00
4.412948e+00
4.673302e+00
4.407199e+00
4.155444e+00
4.263187e+00
4.575316e+00
4.527478e+00
4.267650e+00
2.751570e+00
3.925208e+00
3.363676e+00
3.878698e+00
3.390074e+00
4.821112e+00
3.389155e+00
2.960036e+00
4.749864e+00
4.143446e+00
4.031522e+00
4.289127e+00
3.208335e+00
4.648458e+00
2.013652e+00
3.214036e+00
3.024993e+00
3.380350e+00
4.299954e+00
3.341415e+00
3.794701e+00
2.881473e+00
5.000000e+00
3.204921e+00
3.484005e+00
3.895615e+00
3.776406e+00
4.270617e+00
2.770137e+00
2.747396e+00
4.602466e+00
4.779293e+00
4.519816e+00
3.980443e+00
3.466580e+00
3.435160e+00
4.563586e+00
2.809336e+00
3.027108e+00
4.565695e+00
3.899043e+00
4.585102e+00
3.809723e+00
3.321525e+00
3.806509e+00
3.986141e+00
3.062757e+00
3.349720e+00
3.858501e+00
3.220556e+00
4.277350e+00
2.876872e+00
4.402895e+00
2.753796e+00
3.775017e+00
2.030037e+00
3.807774e+00
2.566560e+00
4.319075e+00
2.878237e+00
4.339800e+00
4.195621e+00
4.214059e+00
4.668026e+00
4.634663e+00
3.912163e+00
3.563381e+00
2.600859e+00
3.302744e+00
3.696258e+00
3.529345e+00
3.145678e+00
3.970654e+00
2.562192e+00
2.811106e+00
4.020573e+00
4.602897e+00
4.090684e+00
3.830419e+00
3.738285e+00
3.090900e+00
3.869907e+00
3.619540e+00
4.368476e+00
2.384889e+00
4.368934e+00
4.114973e+00
3.472063e+00
4.250777e+00
4.172292e+00
2.829116e+00
2.564481e+00
3.836324e+00
3.237171e+00
3.112603e+00
4.370687e+00
3.927721e+00
3.514293e+00
3.544568e+00
4.158945e+00
3.880570e+00
2.816182e+00
4.543419e+00
4.473770e+00
4.692938e+00
4.147501e+00
3.842131e+00
2.836341e+00
4.528304e+00
4.422090e+00
3.320988e+00
4.264497e+00
3.957905e+00
4.178317e+00
3.957684e+00
3.245902e+00
2.165872e+00
3.182731e+00
2.133007e+00
4.077329e+00
3.181327e+00
4.702459e+00
4.358678e+00
3.942705e+00
4.210520e+00
3.842924e+00
4.258363e+00
4.139193e+00
3.665958e+00
2.382849e+00
4.297509e+00
4.376681e+00
4.231461e+00
4.709559e+00
2.452243e+00
3.206596e+00
3.535997e+00
4.148189e+00
3.163146e+00
3.797554e+00
3.069412e+00
4.332412e+00
4.135553e+00
4.168097e+00
3.931020e+00
3.979264e+00
3.860863e+00
3.835211e+00
2.295066e+00
3.691228e+00
2.292735e+00
2.157158e+00
4.234503e+00
4.515389e+00
4.626413e+00
3.924806e+00
1.324259e+00
2.733030e+00
4.392685e+00
4.360280e+00
3.048305e+00
3.876954e+00
4.657219e+00
3.949687e+00
3.919722e+00
3.816745e+00
4.544863e+00
4.690530e+00
3.606283e+00
4.205835e+00
3.587708e+00
4.972962e+00
3.735242e+00
2.876010e+00
3.692433e+00
3.250708e+00
4.683948e+00
3.566316e+00
3.059208e+00
4.513112e+00
2.497108e+00
4.158656e+00
4.241944e+00
4.086961e+00
4.360248e+00
3.986258e+00
4.610057e+00
3.930646e+00
1.924579e+00
3.965640e+00
2.559074e+00
1.028568e+00
4.021894e+00
3.579617e+00
3.633078e+00
3.324692e+00
3.816770e+00
2.825477e+00
2.347577e+00
3.830403e+00
4.019782e+00
3.129826e+00
4.851495e+00
3.092978e+00
3.491631e+00
4.313189e+00
3.631406e+00
3.910891e+00
4.619293e+00
