2.992527e+00
3.994661e+00
4.202128e+00
4.397338e+00
3.798007e+00
3.603086e+00
3.596092e+00
4.393132e+00
4.204852e+00
4.391760e+00
4.000985e+00
4.604084e+00
3.207136e+00
2.595105e+00
3.972508e+00
3.188454e+00
3.996752e+00
4.402196e+00
4.392690e+00
2.796219e+00
4.607667e+00
4.191015e+00
2.609738e+00
3.211787e+00
4.394890e+00
2.994916e+00
3.401327e+00
2.974891e+00
3.775235e+00
3.391644e+00
4.204034e+00
3.999827e+00
3.602417e+00
4.194410e+00
3.602817e+00
4.395979e+00
3.818845e+00
3.815165e+00
4.201957e+00
3.792810e+00
3.788293e+00
4.204707e+00
4.008210e+00
2.592038e+00
3.997809e+00
4.201692e+00
3.615260e+00
2.610513e+00
2.782753e+00
3.385789e+00
4.002426e+00
4.403051e+00
4.210201e+00
4.401335e+00
4.357383e+00
2.604909e+00
3.994001e+00
4.003530e+00
3.398796e+00
4.605767e+00
3.417832e+00
3.999151e+00
4.417793e+00
3.991277e+00
3.788689e+00
2.396391e+00
3.404014e+00
4.012095e+00
3.799914e+00
3.805887e+00
3.805078e+00
3.196500e+00
4.003792e+00
3.605720e+00
3.815975e+00
3.794158e+00
4.186710e+00
3.213430e+00
3.792283e+00
3.800773e+00
3.596317e+00
3.618627e+00
4
4.203275e+00
4.404116e+00
3.002625e+00
3.198543e+00
3.393515e+00
4.206140e+00
3.992794e+00
2.835291e+00
3.392101e+00
3.978694e+00
4.405881e+00
4.406372e+00
4.014057e+00
4.607166e+00
3.399687e+00
4.401597e+00
4.011076e+00
2.611129e+00
2.558761e+00
3.790700e+00
3.969049e+00
4.204600e+00
4
3.822213e+00
3.200886e+00
4.391396e+00
4.179957e+00
4.601151e+00
3.992212e+00
4.199430e+00
4.198111e+00
4.007158e+00
3.603471e+00
3.815624e+00
4.608842e+00
4.610089e+00
5
4.202855e+00
3.396089e+00
4.408360e+00
3.567841e+00
3.607104e+00
3.993653e+00
4.602666e+00
3.184477e+00
3.800838e+00
5
4.196293e+00
4.399379e+00
3.790186e+00
3.798248e+00
4.199451e+00
3.578810e+00
4.403007e+00
4.199524e+00
1.812078e+00
3.596528e+00
4.209111e+00
4.399458e+00
3.404542e+00
4.199019e+00
3.602087e+00
4.001654e+00
4.000860e+00
3.198431e+00
3.602487e+00
4.404841e+00
4.400867e+00
3.798170e+00
4.201001e+00
3.800166e+00
4.808840e+00
3.595114e+00
4.409618e+00
2.780920e+00
4
2.804797e+00
3.602937e+00
3.997690e+00
3.600289e+00
3.036377e+00
4.601820e+00
4.029172e+00
3.821512e+00
3.786098e+00
3.796816e+00
3.398494e+00
3.802738e+00
3.988176e+00
3.799131e+00
3.187957e+00
2.985451e+00
3.005102e+00
4.197484e+00
4.202234e+00
3.987908e+00
4.008666e+00
3.837070e+00
3.217860e+00
3.188031e+00
2.601039e+00
2.984675e+00
3.607098e+00
3.199737e+00
4.198684e+00
4.399248e+00
3.970902e+00
4.203858e+00
4.021605e+00
3.009006e+00
1.802836e+00
3.798504e+00
4.192175e+00
4.400742e+00
3.390647e+00
3.993886e+00
3.409278e+00
2.996548e+00
3.401351e+00
3.800758e+00
4.397602e+00
3.603374e+00
3.439970e+00
3.211233e+00
3.936580e+00
3.618638e+00
3.187974e+00
5.000000e+00
3.197317e+00
4.014113e+00
3.999481e+00
4.000162e+00
3.599954e+00
4.408026e+00
3.587243e+00
4.200524e+00
4.191075e+00
3.386798e+00
4.594704e+00
3.418519e+00
4.412396e+00
4.197232e+00
3.193829e+00
2.800741e+00
4.602119e+00
4.396832e+00
4.599899e+00
4.186998e+00
4.200219e+00
3.999212e+00
2.982154e+00
2.994021e+00
4.594813e+00
3.405386e+00
3.778147e+00
4.002169e+00
4.602654e+00
3.560259e+00
3.999384e+00
3.363386e+00
3.197254e+00
3.203933e+00
3.999345e+00
3.400407e+00
4.397255e+00
3.580685e+00
3.993279e+00
4.197251e+00
4.197558e+00
4.191905e+00
4.596181e+00
1.995489e+00
3.195293e+00
4.399498e+00
3.018182e+00
4.393948e+00
4.210396e+00
3.996915e+00
3.403570e+00
4.365530e+00
3.392946e+00
3.994476e+00
3.608570e+00
4.616333e+00
2.595687e+00
3.988425e+00
3.599256e+00
2.791089e+00
4.398508e+00
4.199942e+00
3.748198e+00
2.807836e+00
3.796107e+00
4
3.227858e+00
4.203413e+00
4.198389e+00
3.603639e+00
3.780866e+00
4.404909e+00
4.398032e+00
3.995818e+00
3.030446e+00
3.998654e+00
3.572940e+00
2.595035e+00
4.794906e+00
4.184376e+00
3.958228e+00
3.607614e+00
3.188626e+00
3.992798e+00
3.997592e+00
4.205075e+00
4.399588e+00
3.783840e+00
3.602365e+00
5
4.598983e+00
3.417246e+00
3.386246e+00
3.605642e+00
4.007430e+00
2.380796e+00
4.383041e+00
2.996077e+00
4.219684e+00
3.431534e+00
3.810611e+00
2.801242e+00
3.403784e+00
4.208186e+00
4.207468e+00
2.985130e+00
2.606778e+00
3.400461e+00
3.401163e+00
3.997712e+00
4.802427e+00
3.191610e+00
3.594493e+00
3.797977e+00
3.404377e+00
3.991978e+00
4.190767e+00
2.798193e+00
2.606136e+00
3.207825e+00
3.997405e+00
3.606391e+00
4.199475e+00
3.797991e+00
3.609883e+00
3.005075e+00
4.004680e+00
4.185030e+00
4.232621e+00
3.787760e+00
4.190610e+00
4.195064e+00
3.799416e+00
3.994940e+00
2.825503e+00
4.174618e+00
4.206164e+00
3.606086e+00
5
5.000000e+00
3.381144e+00
3.796148e+00
3.993994e+00
4.198128e+00
4.208102e+00
3.998020e+00
4
3.407158e+00
4.008864e+00
4.405114e+00
4.201105e+00
4.400533e+00
4.195374e+00
4.805004e+00
4.200319e+00
3.585432e+00
4.013229e+00
4.196879e+00
4.008988e+00
2.630956e+00
3.391578e+00
3.593129e+00
3.205590e+00
2.798455e+00
3.786127e+00
3.390407e+00
4.398187e+00
4.027210e+00
4.023444e+00
4.804972e+00
3.982442e+00
3.996737e+00
3.605750e+00
4
4.200880e+00
2.597594e+00
3.998704e+00
3.011340e+00
3.244902e+00
1.806815e+00
3.192434e+00
3.400690e+00
3.199909e+00
3.801088e+00
4.398178e+00
3.825261e+00
4.198221e+00
2.976972e+00
2.986760e+00
3.187910e+00
4.594099e+00
3.399025e+00
4.193753e+00
3.801726e+00
3.815221e+00
2.198584e+00
4.197294e+00
4.598268e+00
3.608133e+00
3.996459e+00
3.197427e+00
4.366088e+00
3.187746e+00
3.791072e+00
4
3.592525e+00
3.796788e+00
4.789529e+00
4.203387e+00
3.590444e+00
3.597812e+00
2.829108e+00
3.186791e+00
4
2.821607e+00
4.216066e+00
4.595765e+00
3.998984e+00
3.803545e+00
4.200548e+00
4.406741e+00
2.805912e+00
4.198208e+00
4.419616e+00
4.385718e+00
3.819536e+00
4.213232e+00
3.623461e+00
4
4.803262e+00
2.806826e+00
3.010663e+00
4.403412e+00
2.797111e+00
4.219423e+00
3.408747e+00
3.989970e+00
4.195616e+00
3.804160e+00
3.019175e+00
4.198010e+00
3.400201e+00
2.404413e+00
3.000644e+00
4.599710e+00
4.398197e+00
4.610756e+00
3.589265e+00
4.594653e+00
4.403126e+00
4.195821e+00
3.210851e+00
4.207036e+00
3.197528e+00
4.015532e+00
4.418657e+00
3.789805e+00
3.797934e+00
3.803929e+00
3.036086e+00
3.187665e+00
2.993355e+00
3.799936e+00
4.209078e+00
4.008797e+00
3.993491e+00
4.007187e+00
2.614190e+00
3.963267e+00
2.747591e+00
4.202384e+00
4.192717e+00
3.216020e+00
3.776621e+00
3.199401e+00
4.605339e+00
4.200984e+00
2.797776e+00
3.209002e+00
4.008910e+00
3.210590e+00
4.801284e+00
4.600400e+00
4.194990e+00
3.201025e+00
2.590503e+00
3.799057e+00
3.984606e+00
4.000166e+00
3.603976e+00
2.404716e+00
5.000000e+00
3.582709e+00
4.005462e+00
3.798536e+00
3.804261e+00
3.610805e+00
3.773618e+00
3.987651e+00
4.800423e+00
3.597778e+00
4.418995e+00
4.008579e+00
4.202964e+00
3.588225e+00
4.790726e+00
3.203462e+00
4
4.232078e+00
4.401581e+00
3.785464e+00
4.006754e+00
3.614599e+00
4.403715e+00
3.793423e+00
4.201063e+00
4.002918e+00
3.407999e+00
4.412167e+00
4.406550e+00
3.601803e+00
3.616136e+00
4.384845e+00
2.199348e+00
3.799152e+00
3.802572e+00
3.998861e+00
3.587937e+00
4.800342e+00
5
4.402391e+00
3.199892e+00
3.997489e+00
3.038295e+00
3.260518e+00
3.992097e+00
3.612008e+00
4.398351e+00
4.210581e+00
3.999474e+00
3.399627e+00
3.200282e+00
2.601502e+00
3.794403e+00
3.212369e+00
3.810273e+00
3.606122e+00
3.806563e+00
4.391500e+00
3.599281e+00
4.194168e+00
4.395118e+00
4.395009e+00
3.594194e+00
3.805437e+00
2.602223e+00
4.013162e+00
3.194981e+00
3.400672e+00
4.000791e+00
3.596817e+00
4.399656e+00
4.001296e+00
3.602116e+00
3.999248e+00
4.404098e+00
3.826178e+00
2.592601e+00
3.203735e+00
4.375086e+00
4.010584e+00
2.821101e+00
2.999005e+00
3.180494e+00
4.209686e+00
3.799504e+00
4.000055e+00
4.406372e+00
2.610958e+00
3.616057e+00
3.397600e+00
2.985975e+00
3.025016e+00
4.200016e+00
3.388325e+00
3.768709e+00
3.803597e+00
3.605155e+00
2.983845e+00
3.816020e+00
2.809766e+00
3.008803e+00
2.024860e+00
4.010434e+00
3.402766e+00
3.997048e+00
3.602178e+00
3.785808e+00
4.604033e+00
4.199295e+00
3.600315e+00
3.398722e+00
4.203904e+00
3.997836e+00
4.794085e+00
4
4.009847e+00
4.415112e+00
3.803706e+00
4.598601e+00
3.815252e+00
4.390312e+00
2.793180e+00
2.799322e+00
4.396037e+00
3.819200e+00
4.192890e+00
3.594630e+00
4.019154e+00
3.597052e+00
4.418787e+00
3.994310e+00
2.999373e+00
3.999376e+00
4.200205e+00
3.188953e+00
3.603530e+00
2.598611e+00
3.197784e+00
4.208837e+00
4.200200e+00
2.598721e+00
4.193292e+00
3.610500e+00
3.218099e+00
3.968724e+00
4.599752e+00
3.984796e+00
4.209716e+00
4.597524e+00
2.802693e+00
4.797653e+00
4.397026e+00
4.220168e+00
4.366789e+00
4.202793e+00
4.000370e+00
1.791273e+00
4.595075e+00
4.228365e+00
4.216473e+00
4.003042e+00
4.396770e+00
3.195355e+00
3.793677e+00
4.390239e+00
4.180808e+00
2.804322e+00
3.410983e+00
4.404533e+00
3.827573e+00
4.397532e+00
3.802387e+00
3.999799e+00
3.212071e+00
4.402742e+00
4.604100e+00
3.408913e+00
3.601266e+00
3.800930e+00
3.808149e+00
4.204868e+00
4.200274e+00
4.592666e+00
3.396589e+00
3.821856e+00
2.602140e+00
1.790166e+00
4.802013e+00
2.420144e+00
3.614717e+00
3.597631e+00
2.012251e+00
3.795531e+00
4.012874e+00
2.976250e+00
4
3.196238e+00
3.004771e+00
3.381260e+00
3.400324e+00
4.205842e+00
3.194457e+00
4.595960e+00
2.245126e+00
3.022597e+00
3.798425e+00
3.803457e+00
3.999027e+00
3.199395e+00
4.007636e+00
4.200604e+00
3.604253e+00
3.590475e+00
3.000019e+00
3.243696e+00
3.201093e+00
3.804324e+00
4.202312e+00
4.402242e+00
3.407970e+00
3.802418e+00
3.392344e+00
4.198169e+00
4.399943e+00
4.202434e+00
3.595394e+00
3.799709e+00
3.207108e+00
4.598539e+00
4.201663e+00
4.219176e+00
5
3.592923e+00
3.803627e+00
3.804791e+00
3.589586e+00
4.602527e+00
4.194857e+00
2.571523e+00
3.999003e+00
4.392546e+00
3.810731e+00
3.599048e+00
4.190306e+00
3.794439e+00
2.789581e+00
3.998593e+00
3.410672e+00
3.762271e+00
3.194166e+00
3.998143e+00
1
4.216216e+00
3.003434e+00
3.808945e+00
4.582051e+00
3.794365e+00
3.792750e+00
3.621294e+00
3.199050e+00
5
3.636536e+00
4.004149e+00
2.602238e+00
4.013109e+00
4.002471e+00
3.011095e+00
4.205198e+00
2.390728e+00
4.600177e+00
2.993774e+00
3.224456e+00
3.412292e+00
4.386684e+00
1.999506e+00
4.592663e+00
3.012065e+00
3.608082e+00
4.610727e+00
3.804898e+00
2.392174e+00
3.998712e+00
4.801909e+00
3.794287e+00
3.789327e+00
4.204537e+00
3.397136e+00
3.783977e+00
3.807004e+00
3.196213e+00
4.208488e+00
4.195971e+00
4.201823e+00
4.416624e+00
3.214913e+00
4.391175e+00
3.197870e+00
3.000982e+00
4.201279e+00
3.804393e+00
3.999237e+00
2.809633e+00
2.772361e+00
3.198702e+00
3.404933e+00
4.014326e+00
5
3.388972e+00
4.196736e+00
3.003146e+00
3.812779e+00
4.399880e+00
3.805457e+00
3.185309e+00
3.603957e+00
4.601014e+00
4.394160e+00
3.960269e+00
4.199029e+00
3.997872e+00
3.791670e+00
2.597864e+00
4.201932e+00
3.806383e+00
3.803256e+00
4.805778e+00
2.784788e+00
3.398793e+00
3.612961e+00
3.810968e+00
4.013123e+00
3.188156e+00
3.606649e+00
3.009918e+00
4.597096e+00
2.993278e+00
3.198503e+00
3.184277e+00
3.610884e+00
2.236796e+00
3.595958e+00
4.188501e+00
3.999015e+00
3.996942e+00
3.805404e+00
4.209037e+00
2.800888e+00
2.481103e+00
3.804422e+00
4.198536e+00
2.200765e+00
3.406799e+00
4.388455e+00
4.415223e+00
4.602299e+00
3.374768e+00
3.195279e+00
4.214602e+00
4.200123e+00
4.003955e+00
4.029615e+00
3.990932e+00
4.203238e+00
3.801782e+00
4.013309e+00
3.602612e+00
3.191226e+00
3.996823e+00
3.199517e+00
3.399824e+00
3.589320e+00
4.601326e+00
2.796660e+00
4.195820e+00
4.798849e+00
3.805629e+00
3.401677e+00
3.598036e+00
4.799859e+00
4.803898e+00
4.649719e+00
3.612727e+00
4.587511e+00
3.588503e+00
3.999925e+00
3.588101e+00
4.015992e+00
3.610300e+00
4.603561e+00
4.002541e+00
4.003579e+00
3.803062e+00
3.598039e+00
4.404040e+00
4.210558e+00
3.393341e+00
4.199916e+00
4.399950e+00
4.793830e+00
4.802849e+00
4.594731e+00
4.007582e+00
4.007953e+00
3.590188e+00
3.601482e+00
3.813443e+00
3.978995e+00
3.188893e+00
4.203413e+00
3.802846e+00
1.399224e+00
3.808407e+00
3.999950e+00
4.001365e+00
3.592707e+00
3.199915e+00
4.551866e+00
4.406529e+00
3.414820e+00
4.394915e+00
4.001881e+00
4.400789e+00
3.990269e+00
4.420201e+00
4.206185e+00
4.201862e+00
3.598491e+00
3.201465e+00
3.814936e+00
4.196175e+00
3.194405e+00
2.992397e+00
4.402438e+00
4.402731e+00
3.020854e+00
3.191309e+00
4.013929e+00
3.601899e+00
3.991461e+00
3.612247e+00
4.178150e+00
2.204593e+00
3.811660e+00
3.398547e+00
4.397150e+00
4.410615e+00
4.404460e+00
4.000055e+00
3.387634e+00
4.201490e+00
4.397820e+00
3.597774e+00
4.596128e+00
3.200951e+00
3.798822e+00
3.624894e+00
4.009970e+00
4.008031e+00
4.197988e+00
4.390302e+00
4.393542e+00
2.358027e+00
4.008197e+00
4.402816e+00
4.597680e+00
3.405522e+00
4.599329e+00
2.212184e+00
2.802167e+00
4.210333e+00
3.377002e+00
4.411601e+00
3.223232e+00
3.803605e+00
3.798597e+00
4.596529e+00
4.390955e+00
3.406451e+00
3.992088e+00
3.809011e+00
3.395899e+00
2.583395e+00
3.600209e+00
3.414141e+00
3.381819e+00
3.820540e+00
3.593017e+00
2.807969e+00
4.389748e+00
3.625954e+00
3.015254e+00
3.999033e+00
4.402533e+00
4.202731e+00
3.996950e+00
3.986079e+00
2.991920e+00
4.207609e+00
2.793351e+00
3.396770e+00
3.605862e+00
3.996327e+00
3.391762e+00
3.599183e+00
4.002453e+00
3.605952e+00
4.001044e+00
4.793358e+00
4.401518e+00
4.394440e+00
4.389737e+00
4.403796e+00
3.402901e+00
4.591270e+00
4.598553e+00
4.796948e+00
3.628080e+00
2.425415e+00
2.811474e+00
3.392556e+00
4.206359e+00
3.580263e+00
3.995637e+00
4.602453e+00
4.402375e+00
3.215602e+00
4.001214e+00
4.201831e+00
4.389205e+00
3.800007e+00
3.595186e+00
4.006017e+00
4.580981e+00
4.799999e+00
3.402641e+00
3.399393e+00
4.609667e+00
5
3.993583e+00
3.605719e+00
3.402936e+00
4.400298e+00
NaN
3.813095e+00
4.401998e+00
4.199866e+00
4.401668e+00
4.007674e+00
4.008547e+00
4.198459e+00
2.985697e+00
3.991664e+00
4.003248e+00
3.609250e+00
3.179556e+00
3.200161e+00
4.200861e+00
4.198980e+00
3.784776e+00
3.780734e+00
3.798168e+00
2.389475e+00
2.803545e+00
4.396376e+00
4.617459e+00
3.595596e+00
4.597076e+00
3.413185e+00
2.793536e+00
3.998505e+00
2.192747e+00
2.203871e+00
3.187728e+00
3.204755e+00
2.992385e+00
4
4.184691e+00
4.397370e+00
2.598553e+00
4.408517e+00
3.807678e+00
4.200181e+00
4.003629e+00
3.401453e+00
4.800060e+00
2.795883e+00
3.245641e+00
4.201656e+00
3.784892e+00
4.596023e+00
4.593378e+00
3.000451e+00
4.197010e+00
3.384848e+00
3.195766e+00
3.801946e+00
3.599744e+00
2.199414e+00
2.977668e+00
4.609457e+00
3.196432e+00
4.375685e+00
4.423918e+00
4.015348e+00
4.004569e+00
4.410207e+00
2.596686e+00
3.191527e+00
4.208243e+00
3.800764e+00
4.406918e+00
4.204899e+00
3.605092e+00
4.396979e+00
4.203533e+00
4.004654e+00
3.595147e+00
3.604517e+00
2.815900e+00
3.393753e+00
3.198327e+00
4.208756e+00
4.199604e+00
3.998723e+00
4.201133e+00
3.639083e+00
3.604203e+00
3.599575e+00
2.794348e+00
3.604388e+00
2.809669e+00
2.802156e+00
3.402656e+00
3.606514e+00
4.791188e+00
4.198979e+00
1.588178e+00
2.380026e+00
2.993081e+00
3.607757e+00
2.995716e+00
3.815737e+00
4.003716e+00
3.999939e+00
4.404096e+00
3.408607e+00
4.207458e+00
3.201545e+00
3.606849e+00
2.206273e+00
4.395668e+00
3.797358e+00
3.632377e+00
3.388331e+00
2.604626e+00
4.611348e+00
3.404541e+00
2.803693e+00
3.232286e+00
2.817841e+00
3.805415e+00
3.390214e+00
3.174480e+00
3.199755e+00
4.204555e+00
4.253716e+00
1.998816e+00
4.400742e+00
4.008604e+00
3.798631e+00
2.982568e+00
4.395368e+00
2.627735e+00
3.185885e+00
3.004010e+00
3.799597e+00
3.801081e+00
3.801845e+00
4.176988e+00
2.801987e+00
3.979870e+00
4.028796e+00
4.196625e+00
4.602959e+00
4.201324e+00
4.802459e+00
3.595526e+00
3.601215e+00
3.394878e+00
3.794892e+00
3.589928e+00
3.805656e+00
4.394656e+00
3.554452e+00
3.975941e+00
3.785351e+00
4.403251e+00
4.192606e+00
3.393214e+00
3.001204e+00
3.998644e+00
3.994313e+00
2.601981e+00
4.268421e+00
4.201418e+00
2.621424e+00
3.614771e+00
4.202312e+00
4
4.193594e+00
3.618652e+00
3.797775e+00
4.415017e+00
4.601234e+00
3.993347e+00
4.790125e+00
1.428604e+00
3.798436e+00
4.005426e+00
4.394419e+00
3.800475e+00
4.001431e+00
4.405760e+00
3.997893e+00
4.392783e+00
3.599482e+00
4.410528e+00
2.258932e+00
4.402543e+00
3.584146e+00
4.200261e+00
3.826599e+00
3.382344e+00
3.595740e+00
4.592457e+00
3.216741e+00
3.606772e+00
4.001981e+00
3.196486e+00
4.392961e+00
3.801436e+00
3.800218e+00
4.398816e+00
4.196455e+00
3.402156e+00
3.996943e+00
3.604828e+00
3.814912e+00
3.205727e+00
3.800816e+00
3.584523e+00
3.003587e+00
3.791291e+00
3.402542e+00
3.602748e+00
4.601593e+00
4.000179e+00
3.001343e+00
4.190939e+00
4.599984e+00
4.609240e+00
3.187292e+00
3.585937e+00
4.597967e+00
4.597809e+00
2.199820e+00
4.192429e+00
3.010617e+00
2.191723e+00
4.198164e+00
3.797413e+00
2.995166e+00
3.400899e+00
3.022925e+00
3.430180e+00
4.395760e+00
4.804858e+00
3.408646e+00
3.977515e+00
2.793656e+00
4.001279e+00
4.201803e+00
3.979870e+00
3.004221e+00
3.990567e+00
2.200143e+00
3.802530e+00
3.800285e+00
3.405582e+00
4.177582e+00
2.992148e+00
3.434766e+00
3.588085e+00
4.601435e+00
3.189262e+00
3.808203e+00
4.600692e+00
4.400348e+00
3.807902e+00
3.416330e+00
3.594470e+00
5
4.797990e+00
3.399325e+00
3.596504e+00
4.001283e+00
3.992901e+00
3.810876e+00
3.009987e+00
2.389067e+00
4.204522e+00
4.205628e+00
4.408361e+00
3.993930e+00
4.595854e+00
4.404572e+00
3.602565e+00
3.623433e+00
3.193754e+00
4.004859e+00
3.402787e+00
4.001925e+00
3.791797e+00
4.408975e+00
4.607328e+00
2.997963e+00
4.606943e+00
3.213793e+00
4.396477e+00
3.982969e+00
3.793432e+00
3.584109e+00
2.964266e+00
3.603598e+00
4.800479e+00
3.797401e+00
3.009801e+00
4.006627e+00
3.184049e+00
3.811779e+00
3.192181e+00
4.584684e+00
2.995696e+00
3.987978e+00
4.201638e+00
4
3.203323e+00
4.398781e+00
4.407627e+00
3.777502e+00
3.407377e+00
4.404261e+00
3.199084e+00
3.803497e+00
2.800337e+00
4.794182e+00
3.391960e+00
4.205621e+00
3.795679e+00
4.402644e+00
3.794077e+00
2.407323e+00
3.193436e+00
3.999201e+00
3.777677e+00
4.417399e+00
4.200493e+00
3.997464e+00
3.994128e+00
3.010818e+00
3.426762e+00
3.410852e+00
4.209463e+00
4.602982e+00
3.595620e+00
3.995799e+00
3.193710e+00
4.206386e+00
4.798351e+00
3.411365e+00
4.396670e+00
4.398839e+00
4.200820e+00
4.397323e+00
3.407473e+00
3.397186e+00
4.001016e+00
4.202429e+00
3.799279e+00
4.398186e+00
4.581115e+00
4.194076e+00
4.603003e+00
3.409682e+00
1.192004e+00
3.823711e+00
3.594211e+00
4.601587e+00
4.200135e+00
2.987238e+00
4.005539e+00
3.201755e+00
3.604469e+00
2.184688e+00
3.427218e+00
3.791525e+00
3.800742e+00
3.791632e+00
4.394908e+00
3.362789e+00
4.799191e+00
3.592565e+00
4.408633e+00
4.001439e+00
2.612233e+00
4.217058e+00
4.203010e+00
3.825539e+00
3.799424e+00
3.397502e+00
4.207828e+00
2.428494e+00
2.418438e+00
3.794833e+00
4.197897e+00
2.597088e+00
4.017203e+00
4.798898e+00
4.015178e+00
3.794227e+00
3.801072e+00
4.001911e+00
4.189979e+00
3.997052e+00
4.015210e+00
4.199771e+00
4
3.996921e+00
4.208850e+00
1.801753e+00
3.994899e+00
4.395096e+00
3.205567e+00
3.032200e+00
4.596335e+00
3.812385e+00
3.801165e+00
3.588271e+00
2.395261e+00
3.994498e+00
2.557443e+00
3.404473e+00
3.606704e+00
3.808980e+00
4.193157e+00
4.401767e+00
4.798685e+00
3.393576e+00
3.197522e+00
4.215290e+00
5
3.198240e+00
3.802370e+00
3.594898e+00
4.396981e+00
2.995007e+00
4.593103e+00
4
2.776557e+00
3.197297e+00
3.801468e+00
4.797962e+00
3.405301e+00
3.405689e+00
3.003206e+00
3.406404e+00
4.611348e+00
4.599306e+00
3.379393e+00
4.203275e+00
4.596158e+00
4.804000e+00
3.202429e+00
3.004798e+00
3.598912e+00
3.986726e+00
4.401560e+00
3.589718e+00
4.597381e+00
3.996314e+00
3.996988e+00
3.203488e+00
4.395996e+00
4.604442e+00
3.799094e+00
3.400389e+00
3.824009e+00
3.963867e+00
4.598559e+00
2.217170e+00
3.218479e+00
3.801301e+00
3.788475e+00
4.787043e+00
4.604691e+00
3.406907e+00
4.784453e+00
3.808161e+00
3.794410e+00
3.185123e+00
3.812006e+00
3.378745e+00
3.009828e+00
4.002363e+00
3.789127e+00
4.209425e+00
2.802903e+00
3.791178e+00
4.803087e+00
4.199618e+00
3.227101e+00
4.404349e+00
3.807240e+00
4.009191e+00
4.393213e+00
3.406123e+00
3.407221e+00
4.007637e+00
4.612024e+00
3.401293e+00
4.198885e+00
5
3.222539e+00
3.992814e+00
3.603214e+00
4.794339e+00
3.798952e+00
4.795549e+00
5
2.205108e+00
4.193624e+00
3.805070e+00
3.802078e+00
3.008408e+00
4.807098e+00
3.605315e+00
4.606610e+00
3.019177e+00
3.208321e+00
3.206006e+00
4.597410e+00
3.381576e+00
3.807151e+00
4.200225e+00
4.802246e+00
4.004202e+00
3.000515e+00
1.800970e+00
3.794925e+00
4.599459e+00
3.779781e+00
4.005430e+00
3.011587e+00
4.396689e+00
4.003244e+00
4.002342e+00
3.445151e+00
3.138294e+00
4.177715e+00
4.004701e+00
3.596463e+00
3.420362e+00
3.980159e+00
3.207202e+00
3.965885e+00
3.995759e+00
3.793248e+00
4.201255e+00
3.998788e+00
4.607064e+00
4.194542e+00
3.802468e+00
4.000089e+00
1.393376e+00
3.781306e+00
3.400096e+00
3.595565e+00
3.984859e+00
3.397752e+00
4
3.003145e+00
4.804818e+00
4.804423e+00
3.061824e+00
3.800169e+00
3.804858e+00
3.792901e+00
3.635130e+00
3.597516e+00
3.186263e+00
3.587466e+00
3.202648e+00
5.000000e+00
3.601439e+00
3.383687e+00
3.588932e+00
3.398950e+00
4.005678e+00
3.401747e+00
4.215902e+00
3.799400e+00
2.992553e+00
4.002008e+00
3.599053e+00
4.595375e+00
4.598093e+00
3.608826e+00
2.598465e+00
3.594231e+00
3.192318e+00
3.595302e+00
3.788550e+00
4.613480e+00
4.594751e+00
4.396526e+00
3.797452e+00
1.994414e+00
3.598360e+00
3.405255e+00
3.202441e+00
4.187037e+00
4.394139e+00
4.804944e+00
3.414414e+00
4.802656e+00
3.397444e+00
4.000979e+00
3.794438e+00
4.603884e+00
2.400295e+00
4.198066e+00
5
4.403231e+00
4.202318e+00
4.369440e+00
3.589671e+00
4.010412e+00
4.023932e+00
3.797001e+00
3.800009e+00
2.998992e+00
4.602375e+00
4.616548e+00
3.003532e+00
3.012551e+00
4.016478e+00
3.610573e+00
3.414324e+00
4.804500e+00
3.593219e+00
3.209331e+00
4.799375e+00
3.592289e+00
3.605112e+00
3.997684e+00
4.398365e+00
2.014469e+00
3.600219e+00
2.562459e+00
3.802277e+00
2.792962e+00
3.800992e+00
4.607125e+00
3.004012e+00
4.402321e+00
3.606734e+00
4.188152e+00
2.393756e+00
3.420923e+00
4.203611e+00
4.601448e+00
4.401419e+00
3.388620e+00
4.001702e+00
5
3.601785e+00
3.411578e+00
4.208661e+00
3.159189e+00
4.198271e+00
3.415820e+00
4.203138e+00
4.002130e+00
3.795819e+00
4.391301e+00
2.601889e+00
3.798445e+00
2.395814e+00
2.604064e+00
4.195641e+00
3.994578e+00
4.208031e+00
4.398111e+00
3.000485e+00
4.605581e+00
4.392337e+00
3.808974e+00
2.396815e+00
3.599024e+00
3.199279e+00
4.398448e+00
4.002683e+00
4.208997e+00
4.799347e+00
3.026143e+00
3.606107e+00
4.200524e+00
3.587249e+00
3.797846e+00
1.781302e+00
4.402576e+00
3.799298e+00
3.813145e+00
4.401832e+00
4.789856e+00
4.217086e+00
4.403793e+00
4.593986e+00
4.598960e+00
4.613636e+00
3.369310e+00
3.436905e+00
2.800906e+00
4.000605e+00
4.602732e+00
3.994474e+00
4.197201e+00
3.995540e+00
4.202700e+00
2.389108e+00
3.598559e+00
3.603726e+00
2.998140e+00
3.010039e+00
3.406122e+00
3.789497e+00
4.806400e+00
4.186105e+00
3.600983e+00
4.203293e+00
3.618954e+00
4.007803e+00
4.004159e+00
3.805162e+00
4.000448e+00
4.200550e+00
4.373160e+00
4.208854e+00
4.396490e+00
4.205760e+00
4.000462e+00
3.592736e+00
3.598439e+00
NaN
3.817375e+00
4.802389e+00
4.195122e+00
4.216004e+00
3.016149e+00
4.403546e+00
3.193575e+00
3.806494e+00
2.804040e+00
2.389348e+00
3.987317e+00
4.196117e+00
3.600566e+00
3.619000e+00
4.601776e+00
4.198115e+00
3.600557e+00
3.024141e+00
3.606418e+00
4.400841e+00
3.990418e+00
4.001942e+00
3.999644e+00
3.971678e+00
3.002507e+00
3.214456e+00
4.193082e+00
3.592744e+00
3.802995e+00
3.614057e+00
4.004947e+00
2.617040e+00
4.004839e+00
4.599044e+00
4.260303e+00
4.376792e+00
2.617269e+00
4.404327e+00
4.195390e+00
4.804942e+00
4.203004e+00
4.600419e+00
2.193163e+00
3.998857e+00
4.015687e+00
3.203080e+00
3.999918e+00
3.198353e+00
4.412643e+00
4.201121e+00
4.601549e+00
3.204967e+00
3.604061e+00
4.195732e+00
3.330574e+00
3.821540e+00
3.404223e+00
2.820384e+00
3.588882e+00
4.401744e+00
4.597783e+00
4.205066e+00
3.608613e+00
2.797941e+00
4.400163e+00
3.966731e+00
3.604969e+00
3.002588e+00
3.371135e+00
2.789005e+00
4.397742e+00
3.006759e+00
5.000000e+00
4.391984e+00
3.590252e+00
3.395743e+00
4.382996e+00
3.809653e+00
3.433582e+00
3.196521e+00
2.401020e+00
2.992158e+00
4.202655e+00
4.795590e+00
4.196155e+00
4.196985e+00
2.981793e+00
2.210858e+00
2.980829e+00
2.210168e+00
4.608947e+00
4.402889e+00
3.577050e+00
3.188234e+00
3.589449e+00
4.218163e+00
3.800526e+00
2.796520e+00
4.603676e+00
3.589663e+00
4.602510e+00
4.007562e+00
4.002689e+00
3.597330e+00
2.399554e+00
3.600659e+00
2.606520e+00
4.407211e+00
3.805579e+00
3.366834e+00
4.202198e+00
3.792242e+00
3.831046e+00
4.409313e+00
4.402480e+00
3.403531e+00
3.005945e+00
2.803111e+00
3.604815e+00
3.397831e+00
3.608160e+00
4.606196e+00
3.999970e+00
2.994533e+00
3.964166e+00
3.958256e+00
3.804247e+00
4.603007e+00
4.200569e+00
3.192342e+00
3.606429e+00
3.599031e+00
3.400040e+00
3.414479e+00
3.798802e+00
4.797135e+00
2.610225e+00
3.993730e+00
3.383997e+00
4.197115e+00
3.995781e+00
4.378476e+00
3.394629e+00
3.801997e+00
3.816984e+00
3.371399e+00
2.199971e+00
4.005990e+00
4.406069e+00
3.609453e+00
3.583912e+00
3.601147e+00
3.998219e+00
3.189240e+00
4.182745e+00
4.433773e+00
3.403117e+00
3.599685e+00
3.803270e+00
3.390213e+00
4.397773e+00
3.404907e+00
4.121837e+00
4.405078e+00
3.404357e+00
2.376753e+00
2.807350e+00
4
4.802944e+00
3.407479e+00
4.188043e+00
4.802356e+00
3.804208e+00
4.604618e+00
4.196189e+00
4.396494e+00
3.208461e+00
3.996383e+00
4.012936e+00
3.388699e+00
4.377506e+00
3.818269e+00
4.201112e+00
2.798465e+00
3.408821e+00
4.189859e+00
4.004472e+00
4.600324e+00
3.004856e+00
3.801409e+00
4.194020e+00
3.997440e+00
4.003443e+00
3.789300e+00
3.607095e+00
3.194200e+00
2.973051e+00
3.402743e+00
3.399439e+00
4.403867e+00
3.603562e+00
3.036624e+00
3.405910e+00
4.215535e+00
4.200551e+00
2.189407e+00
4.017746e+00
4.796966e+00
4.193859e+00
2.805118e+00
4.612452e+00
2.642598e+00
3.814949e+00
4.009399e+00
4.004054e+00
3.802453e+00
3.206782e+00
3.837453e+00
4.403186e+00
3.425588e+00
4.396076e+00
2.624790e+00
3.200452e+00
3.796110e+00
3.603422e+00
3.412587e+00
4.400345e+00
4.001339e+00
3.798383e+00
4.189412e+00
4.607700e+00
1.996854e+00
2.600919e+00
2.992068e+00
3.399507e+00
4.798189e+00
2.379715e+00
3.797551e+00
3.810309e+00
3.798862e+00
4.207371e+00
4.006066e+00
3.611231e+00
4.003705e+00
4.603258e+00
3.201908e+00
1.805760e+00
2.788494e+00
4.396418e+00
3.390705e+00
4.601344e+00
3.814216e+00
4.002478e+00
4.602019e+00
4.186045e+00
3.998507e+00
4.806206e+00
3.392070e+00
5
2.396565e+00
4.207194e+00
2.602317e+00
4.014107e+00
3.795234e+00
3.992636e+00
3.185198e+00
5
4.404325e+00
3.598173e+00
3.801629e+00
3.998015e+00
2.801527e+00
4.389406e+00
4.798046e+00
2.200116e+00
4.604746e+00
4.803601e+00
4.599687e+00
3.602833e+00
3.796888e+00
4.801784e+00
4.396366e+00
3.362212e+00
2.188419e+00
4.596697e+00
3.998178e+00
4.790277e+00
4.800527e+00
2.985898e+00
3.403917e+00
3.188190e+00
4.201800e+00
4.602797e+00
3.605401e+00
4.602413e+00
3.000723e+00
4.208291e+00
4.606809e+00
4.389452e+00
4.025763e+00
3.203663e+00
2.997312e+00
4.195023e+00
3.405562e+00
3.787002e+00
3.603900e+00
3.188491e+00
3.013624e+00
4.596841e+00
4.204227e+00
3.016179e+00
4.546581e+00
3.809954e+00
3.004006e+00
3.604293e+00
3.200331e+00
4.396168e+00
3.996464e+00
4.589312e+00
3.823224e+00
4.205341e+00
4.391442e+00
3.200053e+00
4.183065e+00
5
3.787298e+00
3.392014e+00
4.390092e+00
4.205151e+00
3.995058e+00
3.996668e+00
4.395305e+00
3.011461e+00
2.988663e+00
3.371626e+00
3.380030e+00
3.390482e+00
3.599371e+00
3.402115e+00
3.771200e+00
3.405259e+00
4.402885e+00
3.807830e+00
3.168416e+00
4.596940e+00
4.200145e+00
4.811063e+00
2.599435e+00
3.811676e+00
4.197646e+00
2.377329e+00
3.807142e+00
4.589300e+00
3.213956e+00
4.798352e+00
4.600490e+00
2.190779e+00
5
3.015868e+00
4.200005e+00
3.797113e+00
2.973814e+00
3.804449e+00
3.207736e+00
3.358450e+00
4.217694e+00
4
4.143248e+00
3.802177e+00
3.198047e+00
3.604870e+00
4.201927e+00
3.190534e+00
4.606766e+00
4
4.007885e+00
3.209080e+00
3.602494e+00
4.196434e+00
3.827667e+00
2.785021e+00
3.803589e+00
4.002182e+00
3.826058e+00
4.207127e+00
3.424134e+00
4.204318e+00
3.787831e+00
3.801161e+00
4.605164e+00
2.595609e+00
3.405047e+00
4.408406e+00
2.199013e+00
3.410591e+00
4
4.400499e+00
4.607493e+00
3.805991e+00
2.795542e+00
2.406551e+00
3.013648e+00
3.398287e+00
3.806275e+00
3.187046e+00
3.597616e+00
4.806484e+00
4.010266e+00
3.597270e+00
3.999848e+00
3.006463e+00
3.016548e+00
3.801046e+00
3.197068e+00
3.734306e+00
3.398855e+00
2.801888e+00
4.401330e+00
2.808531e+00
3.596502e+00
3.808449e+00
3.767405e+00
4.807369e+00
3.539336e+00
3.837092e+00
4.395660e+00
3.996825e+00
3.597870e+00
3.208539e+00
4.000589e+00
5.000000e+00
3.798912e+00
4.209649e+00
4.410327e+00
3.805246e+00
3.006897e+00
2.813002e+00
2.598105e+00
3.793958e+00
3.168483e+00
3.601040e+00
3.800468e+00
5
3.584297e+00
3.005730e+00
3.601746e+00
3.997997e+00
4.209972e+00
5
2.995609e+00
4.208333e+00
4.200537e+00
4.198856e+00
2.393517e+00
3.598517e+00
4.015433e+00
2.999524e+00
3.604757e+00
3.589519e+00
3.753952e+00
3.602811e+00
2.993426e+00
4.400393e+00
4.196856e+00
4.210643e+00
3.807679e+00
3.595839e+00
2.825254e+00
3.400042e+00
4.598965e+00
3.429611e+00
3.783234e+00
4.606355e+00
3.605673e+00
3.605495e+00
4.210579e+00
3.804262e+00
4.198090e+00
3.002580e+00
4.199784e+00
4.400367e+00
3.598182e+00
4.187348e+00
4.365917e+00
4.191407e+00
4.394328e+00
4.418383e+00
4.403719e+00
4.799677e+00
4.604094e+00
3.802376e+00
3.585976e+00
4.002087e+00
4.005171e+00
4.805931e+00
4.201803e+00
2.608900e+00
2.416134e+00
3.584658e+00
2.403855e+00
4.202730e+00
3.568358e+00
3.604972e+00
4.208861e+00
4.596166e+00
4.006502e+00
2.603288e+00
3.219480e+00
3.585644e+00
3.176802e+00
3.209672e+00
4.405388e+00
4.380944e+00
4.199277e+00
3.206753e+00
4.402571e+00
3.612830e+00
2.953583e+00
3.599140e+00
3.996784e+00
3.210300e+00
4.803067e+00
4.597750e+00
2.985029e+00
4.413588e+00
4.001546e+00
3.186694e+00
3.647909e+00
3.369175e+00
3.814454e+00
3.611588e+00
4.798807e+00
4.398435e+00
3.796630e+00
3.421912e+00
3.394120e+00
3.820628e+00
4.195889e+00
3.793403e+00
4.196372e+00
4.431979e+00
4.416837e+00
2.602865e+00
3.396981e+00
2.795827e+00
3.800085e+00
3.797251e+00
4.204016e+00
3.404948e+00
3.604311e+00
3.781906e+00
4.192254e+00
3.596468e+00
2.392500e+00
4.401148e+00
4.180943e+00
3.606627e+00
4.193807e+00
3.602582e+00
3.001119e+00
4.600314e+00
4.166412e+00
4.556751e+00
3.798697e+00
4.023260e+00
4.586903e+00
3.604387e+00
4.001045e+00
3.608116e+00
4.601587e+00
3.009791e+00
4.001900e+00
2.385505e+00
4.005783e+00
3.995513e+00
3.012947e+00
3.633578e+00
3.365941e+00
3.200806e+00
3.001202e+00
3.602083e+00
4.019882e+00
4.601968e+00
3.597924e+00
3.798139e+00
3.210511e+00
3.798451e+00
3.784589e+00
3.997338e+00
3.599222e+00
3.591173e+00
3.396284e+00
2.401170e+00
4.031701e+00
3.393510e+00
3.801599e+00
4.799023e+00
4.188788e+00
3.194413e+00
3.796409e+00
3.617138e+00
3.793820e+00
3.179187e+00
2.998367e+00
4.798488e+00
3.602366e+00
5
2.609996e+00
3.424522e+00
3.587570e+00
3.593039e+00
4.600550e+00
4.392220e+00
4.195021e+00
3.569175e+00
3.204665e+00
5
3.012599e+00
4.599253e+00
3.804158e+00
4.388274e+00
3.998058e+00
4.591977e+00
3.191945e+00
4.611708e+00
3.398223e+00
4.003885e+00
3.190203e+00
4.000655e+00
3.391982e+00
3.986782e+00
3.212433e+00
3.805605e+00
4.005841e+00
2.398183e+00
4.195584e+00
2.198637e+00
4.005768e+00
3.189541e+00
4.797054e+00
4.340379e+00
3.798929e+00
3.586707e+00
4.796595e+00
4.021742e+00
4.012124e+00
4.601798e+00
3.016319e+00
3.984511e+00
4.405206e+00
3.799709e+00
3.611165e+00
4.017801e+00
3.597952e+00
4.789318e+00
2.195592e+00
3.399056e+00
4.599353e+00
3.774743e+00
3.411554e+00
3.797302e+00
2.780078e+00
3.606045e+00
3.400622e+00
3.595418e+00
3.351051e+00
3.783560e+00
3.776169e+00
4.740867e+00
4.202354e+00
3.807984e+00
4.599720e+00
4.399994e+00
4.184174e+00
4.204099e+00
3.232629e+00
3.025047e+00
3.592774e+00
4.182211e+00
4.398219e+00
2.800753e+00
3.995908e+00
4.200168e+00
3.197170e+00
2.999577e+00
4.597826e+00
4.594291e+00
4.801214e+00
5
3.804539e+00
2.992104e+00
4.393438e+00
5
3.405174e+00
4.199514e+00
2.999036e+00
4.378524e+00
4.805914e+00
3.603729e+00
4.004121e+00
4.006513e+00
4.012932e+00
4.207682e+00
4.396733e+00
3.802756e+00
3.601196e+00
4.200576e+00
3.588673e+00
2.786496e+00
3.998673e+00
3.814841e+00
3.600608e+00
3.801819e+00
2.565926e+00
3.810618e+00
3.391936e+00
3.402645e+00
4.203865e+00
4.191593e+00
3.371270e+00
4.602475e+00
3.217776e+00
3.790493e+00
3.795243e+00
3.199406e+00
3.597060e+00
2.989001e+00
4.403586e+00
4.592342e+00
3.837622e+00
3.996104e+00
3.600971e+00
2.974511e+00
4.392128e+00
4.217739e+00
4.569289e+00
3.599839e+00
3.387320e+00
3.197280e+00
3.613118e+00
3.797739e+00
4.605059e+00
3.805726e+00
4.209424e+00
4.198885e+00
2.002953e+00
NaN
3.618158e+00
3.987938e+00
4.397317e+00
3.599679e+00
3.813502e+00
4.000684e+00
4.389263e+00
3.723325e+00
4.170733e+00
3.212851e+00
4.002761e+00
4.401674e+00
4.598856e+00
3.987841e+00
3.990741e+00
3.997413e+00
3.604155e+00
2.793742e+00
3.583350e+00
4.010669e+00
3.617161e+00
3.998383e+00
3.427055e+00
3.801328e+00
4.604606e+00
3.004928e+00
4.003616e+00
4.209425e+00
3.970860e+00
3.214845e+00
3.580721e+00
4.197114e+00
3.601025e+00
3.403624e+00
3.792831e+00
3.243622e+00
3.396949e+00
4.804136e+00
3.396307e+00
3.170159e+00
4.198041e+00
4.212347e+00
5
2.751976e+00
3.412051e+00
4.603278e+00
3.183574e+00
3.197127e+00
4.601532e+00
4.605987e+00
3.610105e+00
4.187190e+00
3.398890e+00
3.018016e+00
2.973412e+00
4.003406e+00
3.795653e+00
3.794980e+00
3.991614e+00
4.197077e+00
3.598471e+00
4.222827e+00
1.594890e+00
2.993046e+00
3.602245e+00
3.194665e+00
5
3.996722e+00
3.607500e+00
3.607276e+00
3.804845e+00
3.606242e+00
2.793689e+00
4.220228e+00
3.598473e+00
4.201858e+00
3.374677e+00
4.201222e+00
4.402379e+00
2.602197e+00
3.996022e+00
4.000215e+00
4.003538e+00
2.590798e+00
4.797404e+00
2.601810e+00
3.400573e+00
3.965805e+00
4.601958e+00
3.944255e+00
3.400835e+00
3.613946e+00
3.645632e+00
2.802076e+00
4.802062e+00
4.200643e+00
3.787832e+00
4.604353e+00
4.203586e+00
2.805558e+00
4.610226e+00
4.004598e+00
4.596540e+00
3.991333e+00
4.204373e+00
3.794749e+00
4.600032e+00
3.202839e+00
4.395268e+00
4.204919e+00
4.208319e+00
3.597264e+00
4.381873e+00
3.587861e+00
4.195366e+00
4.001966e+00
2.389173e+00
3.381678e+00
4.409303e+00
3.791568e+00
4.206622e+00
4.199463e+00
4.213745e+00
3.439010e+00
3.799024e+00
3.811186e+00
3.412201e+00
4.794986e+00
3.406156e+00
3.393766e+00
4.198228e+00
3.408356e+00
3.791832e+00
3.388510e+00
4.400170e+00
4.196014e+00
4.408641e+00
4.009252e+00
1.790029e+00
3.977536e+00
2.807042e+00
3.794766e+00
3.406169e+00
4.000341e+00
4.399000e+00
2.799820e+00
3.618381e+00
4
3.805834e+00
3.806808e+00
4.005413e+00
4.420379e+00
3.011038e+00
3.799047e+00
2.600343e+00
4.400555e+00
2.597140e+00
3.798801e+00
3.598437e+00
3.820520e+00
4.594012e+00
3.594229e+00
4.211407e+00
3.390765e+00
3.608085e+00
3.591965e+00
4.391103e+00
2.602475e+00
4.802029e+00
3.594258e+00
4.186184e+00
3.583403e+00
4.192552e+00
4.012717e+00
3.386318e+00
3.215433e+00
3.390706e+00
3.808734e+00
4.022721e+00
4.003508e+00
4.400740e+00
3.996252e+00
3.409254e+00
3.600208e+00
3.995091e+00
4.201172e+00
3.996708e+00
3.604825e+00
4.804065e+00
4.202109e+00
4.197689e+00
3.599864e+00
3.609198e+00
3.585935e+00
4.195466e+00
3.188762e+00
4.201376e+00
3.182235e+00
2.797103e+00
4.793233e+00
2.349353e+00
3.399059e+00
3.177528e+00
4.593893e+00
4.396022e+00
3.593471e+00
3.998383e+00
3.782156e+00
4.191912e+00
3.438812e+00
1.794315e+00
3.796094e+00
3.798421e+00
4.009686e+00
4.413250e+00
4
4.192368e+00
3.380284e+00
4.802087e+00
4.202512e+00
2.588762e+00
2.372324e+00
4.404538e+00
4.009948e+00
3.404392e+00
4.211358e+00
3.587128e+00
2.200838e+00
3.999974e+00
3.604125e+00
4.384454e+00
3.387798e+00
4.190777e+00
4.407176e+00
3.395095e+00
4.190344e+00
4.394498e+00
3.401708e+00
4.207308e+00
3.010182e+00
4.213105e+00
2.873216e+00
4.014000e+00
4.002941e+00
3.399173e+00
3.598350e+00
4.000608e+00
4.207976e+00
3.795562e+00
4.199088e+00
4
3.799369e+00
4.078532e+00
4.200862e+00
4.610174e+00
3.600775e+00
3.196378e+00
2.619097e+00
3.800138e+00
3.400745e+00
3.598879e+00
4.603314e+00
3.386188e+00
4.601207e+00
3.616545e+00
3.009077e+00
2.183116e+00
3.627026e+00
4.801874e+00
3.989829e+00
3.606167e+00
2.997840e+00
2.805122e+00
4.001758e+00
3.805307e+00
3.799386e+00
3.805108e+00
4.402169e+00
3.994340e+00
3.398061e+00
4.391970e+00
2.784661e+00
4.184647e+00
2.778121e+00
3.411435e+00
3.601046e+00
4.953982e+00
3.568809e+00
4.193046e+00
3.606910e+00
3.945015e+00
3.400616e+00
4
4.408261e+00
3.408836e+00
4.407307e+00
2.787105e+00
3.819739e+00
4.411378e+00
3.602001e+00
2.200717e+00
3.760221e+00
3.800387e+00
4.201278e+00
3.791974e+00
3.985100e+00
2.998169e+00
3.958491e+00
3.802601e+00
3.222453e+00
3.017663e+00
4.400143e+00
3.601162e+00
3.953849e+00
3.613051e+00
3.814207e+00
3.797686e+00
2.988854e+00
3.602683e+00
3.185324e+00
4.808497e+00
3.809976e+00
3.194850e+00
4.604985e+00
4.801815e+00
4.595904e+00
3.590712e+00
4.395097e+00
4.613674e+00
3.604282e+00
3.804027e+00
3.195461e+00
3.196125e+00
2.803289e+00
3.797866e+00
5
4.002506e+00
3.610690e+00
4.400360e+00
4.397655e+00
3.007384e+00
4.409708e+00
3.599980e+00
3.400793e+00
4.197207e+00
3.797501e+00
4.020871e+00
3.607609e+00
3.974756e+00
3.601904e+00
3.812809e+00
3.793494e+00
3.995588e+00
4.406765e+00
3.963970e+00
3.800784e+00
3.612418e+00
4.008427e+00
3.797228e+00
3.240709e+00
3.797198e+00
3.996917e+00
2.401885e+00
4.398473e+00
4.199252e+00
3.998898e+00
4.198732e+00
2.807228e+00
2.787954e+00
3.216203e+00
2.207019e+00
4.013225e+00
3.610526e+00
4.373613e+00
4.197195e+00
3.199914e+00
3.399774e+00
4.019972e+00
4.408768e+00
3.600694e+00
4.207231e+00
4.407151e+00
3.412937e+00
4.599703e+00
2.601440e+00
3.383309e+00
4.599891e+00
4.004678e+00
4.193034e+00
4.805495e+00
3.784346e+00
4.198840e+00
4.596337e+00
4.401428e+00
3.390499e+00
3.800747e+00
4.802814e+00
2.815638e+00
3.404888e+00
2.977429e+00
3.364232e+00
3.605830e+00
3.999390e+00
3.210477e+00
3.201912e+00
4.203186e+00
3.202357e+00
4.402006e+00
4.414497e+00
4.590264e+00
4.398768e+00
4.001776e+00
3.606564e+00
3.001029e+00
3.402762e+00
4.609725e+00
4.007126e+00
3.221446e+00
4.196731e+00
3.422604e+00
3.996730e+00
4.196069e+00
4.403007e+00
2.808977e+00
3.396124e+00
4.408106e+00
3.175727e+00
3.988086e+00
3.793106e+00
4.398382e+00
4.803093e+00
3.800631e+00
3.399819e+00
3.788254e+00
4.396787e+00
4.798557e+00
3.816303e+00
2.795181e+00
2.995098e+00
3.400410e+00
3.601030e+00
4.598732e+00
5
4.630977e+00
4
2.992820e+00
4.203678e+00
3.801957e+00
4.406629e+00
4.010765e+00
3.786898e+00
4.209682e+00
4.206889e+00
3.813952e+00
3.814309e+00
3.797603e+00
5
2.788467e+00
4.209202e+00
3.201464e+00
2.991881e+00
4.000678e+00
5.000000e+00
4.006262e+00
3.784640e+00
4.204170e+00
2.400152e+00
3.802617e+00
3.601974e+00
4.213720e+00
3.603696e+00
4.799145e+00
4.007274e+00
3.599497e+00
3.194005e+00
3.613701e+00
4.517450e+00
4.801838e+00
3.192637e+00
3.395965e+00
4.005760e+00
4.397297e+00
3.982199e+00
3.608655e+00
2.825687e+00
2.990494e+00
3.180679e+00
3.594649e+00
4.218417e+00
4.201381e+00
3.592182e+00
4.387671e+00
4.018202e+00
3.574959e+00
4.602953e+00
3.391956e+00
4.203812e+00
3.798140e+00
4.211286e+00
3.975530e+00
4.202680e+00
4.199123e+00
3.218017e+00
4
3.597999e+00
3.608332e+00
4.607402e+00
4.801172e+00
3.808660e+00
3.801417e+00
4.000641e+00
2.224142e+00
3.822650e+00
4.002716e+00
4.000216e+00
3.589765e+00
3.791002e+00
3.205925e+00
3.767401e+00
3.590575e+00
4.406991e+00
4.190205e+00
3.806676e+00
2.800590e+00
3.808822e+00
4.802530e+00
3.803459e+00
4.381073e+00
4.407966e+00
4.002891e+00
3.181864e+00
2.796685e+00
4.600459e+00
4.200405e+00
3.824248e+00
3.799071e+00
3.610044e+00
3.796593e+00
3.795693e+00
4.612239e+00
3.812251e+00
4.410304e+00
3.800169e+00
4.600617e+00
4.007361e+00
4.425493e+00
4.182864e+00
3.416851e+00
3.604106e+00
3.420417e+00
3.593710e+00
3.209444e+00
4.598891e+00
3.589952e+00
3.605705e+00
3.581570e+00
3.417016e+00
4
4.006092e+00
4.198325e+00
3.187741e+00
4.192440e+00
4.398468e+00
4
3.607840e+00
3.198922e+00
3.816206e+00
3.436361e+00
3.597652e+00
1.808894e+00
4.396545e+00
3.801859e+00
5
4.170365e+00
3.808110e+00
4.599565e+00
3.003108e+00
3.383243e+00
3.599098e+00
4.197597e+00
2.804433e+00
2.805678e+00
2.420429e+00
3.401293e+00
2.795163e+00
3.603241e+00
2.784860e+00
2.974182e+00
4.201622e+00
4.003414e+00
3.205246e+00
4.431737e+00
4.198333e+00
2.997556e+00
4.389609e+00
3.206453e+00
3.196019e+00
3.007403e+00
4.801584e+00
4.000628e+00
5.000000e+00
2.794348e+00
2.988990e+00
3.595643e+00
3.596843e+00
3.411458e+00
4.392596e+00
3.396514e+00
4.401156e+00
3.997896e+00
4.006758e+00
4.215112e+00
3.202519e+00
2.207404e+00
3.153016e+00
4.200655e+00
4.369033e+00
4.597617e+00
4.609931e+00
2.214637e+00
3.404640e+00
3.605056e+00
3.194849e+00
4.015368e+00
4.606993e+00
3.992345e+00
3.996598e+00
2.797825e+00
3.798615e+00
3.606586e+00
3.600572e+00
3.587569e+00
4.799580e+00
4.603878e+00
2.813049e+00
3.993448e+00
4.606199e+00
3.804766e+00
3.408596e+00
3.406776e+00
4.586591e+00
4.802876e+00
4.201258e+00
3.998113e+00
3.598563e+00
4.802393e+00
3.591301e+00
4.600420e+00
2.409713e+00
3.402313e+00
2.979352e+00
4.404127e+00
3.811184e+00
4.587321e+00
3.000000e+00
2.998102e+00
5
3.764387e+00
3.998411e+00
3.196007e+00
2.999558e+00
3.195420e+00
3.232180e+00
3.409087e+00
4.191257e+00
3.797463e+00
3.044706e+00
3.599633e+00
3.783971e+00
4.398296e+00
4.404283e+00
4.599120e+00
4.809580e+00
3.794784e+00
3.801636e+00
3.610807e+00
3.393451e+00
4.792683e+00
3.601329e+00
3.015629e+00
3.785156e+00
3.593880e+00
4.599050e+00
3.407421e+00
4.801483e+00
3.398928e+00
4.608051e+00
3.794410e+00
3.396329e+00
3.000476e+00
4.196327e+00
5.000000e+00
3.202372e+00
3.397443e+00
2.803674e+00
4.007614e+00
4.012552e+00
4.000963e+00
4.003059e+00
4.002118e+00
3.591656e+00
4.793685e+00
4.194553e+00
4.617354e+00
3.405200e+00
3.203403e+00
4.407733e+00
3.387492e+00
3.197534e+00
4.200422e+00
4.007625e+00
3.802548e+00
3.991951e+00
3.198318e+00
4.043385e+00
4.798656e+00
2.801546e+00
4.196305e+00
2.997602e+00
2.988802e+00
3.996492e+00
4.400079e+00
3.416986e+00
4.008637e+00
2.594553e+00
3.598949e+00
3.404836e+00
4.400476e+00
4.010603e+00
3.389095e+00
3.013866e+00
3.600045e+00
4.199435e+00
3.203161e+00
3.178797e+00
3.798064e+00
2.382833e+00
4.596680e+00
3.412593e+00
3.800371e+00
3.789879e+00
4.799797e+00
4.800904e+00
4.005418e+00
3.604558e+00
3.415827e+00
3.993586e+00
3.202578e+00
3.593758e+00
4.399881e+00
3.590457e+00
3.805972e+00
2.418659e+00
2.190735e+00
4.001405e+00
3.403121e+00
2.807872e+00
3.591733e+00
4.403276e+00
4.404334e+00
4.083623e+00
3.599722e+00
3.329808e+00
4.591720e+00
4.004755e+00
2.579398e+00
3.798882e+00
3.993418e+00
4.186976e+00
3.995559e+00
4.600637e+00
3.991874e+00
4.192193e+00
2.782747e+00
4.200842e+00
4.300221e+00
3.415454e+00
2.795895e+00
3.004369e+00
3.386434e+00
3.396575e+00
4.007235e+00
2.615051e+00
4.804632e+00
3.412060e+00
4.200598e+00
4.198297e+00
4.205458e+00
4.398225e+00
3.165046e+00
3.033151e+00
3.180146e+00
4.608043e+00
3.589017e+00
4.201029e+00
3.791740e+00
4.011842e+00
3.400362e+00
3.999578e+00
4.604042e+00
3.216832e+00
3.417408e+00
3.800968e+00
4.199242e+00
3.800154e+00
3.615520e+00
3.609413e+00
3.209968e+00
3.192463e+00
3.999110e+00
3.599462e+00
4.194314e+00
3.809318e+00
4.185609e+00
4.399476e+00
3.793559e+00
3.805140e+00
3.791047e+00
3.168569e+00
2.599692e+00
2.815128e+00
3.798934e+00
4.009438e+00
4.196762e+00
4.415140e+00
4.595271e+00
3.801402e+00
4.002978e+00
4
3.597368e+00
3.988443e+00
4.412134e+00
4.400304e+00
3.820268e+00
3.166530e+00
3.997724e+00
4.196239e+00
3.984063e+00
3.974205e+00
4.393933e+00
2.994239e+00
3.794358e+00
3.606534e+00
3.592984e+00
2.992272e+00
3.803842e+00
3.414784e+00
3.812698e+00
3.212773e+00
3.782466e+00
2.402079e+00
4.798254e+00
3.189276e+00
4.001299e+00
4.410909e+00
3.801763e+00
3.404650e+00
4.199185e+00
4.388731e+00
3.395144e+00
3.775720e+00
4.199939e+00
4.439968e+00
4.196979e+00
3.413205e+00
3.206771e+00
3.796106e+00
3.395167e+00
3.994131e+00
4.604086e+00
3.215117e+00
4.199550e+00
3.227821e+00
3.810041e+00
3.597344e+00
4.001329e+00
3.795015e+00
4.801061e+00
4.596034e+00
3.780804e+00
3.610176e+00
4.195480e+00
4.412418e+00
3.399099e+00
4.002484e+00
3.578895e+00
2.785210e+00
3.155339e+00
5.000000e+00
3.598272e+00
3.811847e+00
3.994255e+00
3.617982e+00
3.591972e+00
3.792958e+00
3.583684e+00
3.988583e+00
3.192416e+00
3.985704e+00
3.000270e+00
3.958050e+00
4.394313e+00
2.825155e+00
4.002634e+00
3.396125e+00
3.396601e+00
4.614246e+00
3.595893e+00
3.212734e+00
3.177290e+00
3.983421e+00
2.593917e+00
4.400039e+00
4.002741e+00
2.990606e+00
3.787103e+00
4.006694e+00
3.000254e+00
4.599488e+00
4.608958e+00
4.402918e+00
4.590036e+00
3.596115e+00
2.994847e+00
4.602217e+00
3.226791e+00
4.803008e+00
3.802668e+00
4.199157e+00
4.404386e+00
3.184650e+00
4.394949e+00
4.196198e+00
3.596209e+00
4.001999e+00
3.407470e+00
4.411570e+00
3.204442e+00
3.608005e+00
3.818699e+00
4.401864e+00
3.400339e+00
3.414910e+00
4.198293e+00
3.596627e+00
3.196729e+00
1.393185e+00
2.580009e+00
5
3.994335e+00
4.597123e+00
3.991279e+00
3.958557e+00
3.802851e+00
4.577126e+00
4.203876e+00
4.398510e+00
3.595676e+00
3.987376e+00
2.518248e+00
2.398272e+00
3.397628e+00
3.187065e+00
4.391129e+00
3.806796e+00
2.629346e+00
4.007927e+00
4.594819e+00
4.204287e+00
3.995208e+00
4.793434e+00
2.602195e+00
2.989776e+00
3.018012e+00
3.197156e+00
2.188115e+00
4.796934e+00
2.829497e+00
4.198910e+00
2.811604e+00
3.015327e+00
4.590820e+00
5
4
2.996036e+00
3.406276e+00
4.005755e+00
3.428508e+00
2.612056e+00
4.023420e+00
3.602849e+00
3.818553e+00
4.190162e+00
3.599656e+00
2.802530e+00
4.243593e+00
4.174860e+00
4.198437e+00
4.608358e+00
4.396330e+00
3.610454e+00
3.192153e+00
3.188675e+00
4.009596e+00
4.007833e+00
3.197587e+00
4.399764e+00
5
3.207685e+00
4.400603e+00
3.798862e+00
4.798558e+00
3.208504e+00
4.402211e+00
3.197379e+00
3.390145e+00
4.599680e+00
4.412389e+00
4.197179e+00
3.619089e+00
3.603939e+00
3.605421e+00
2.999335e+00
3.587583e+00
4.200559e+00
3.192535e+00
3.993655e+00
4.403475e+00
2.574165e+00
3.599176e+00
3.394651e+00
3.818118e+00
4.201755e+00
3.800820e+00
4.197048e+00
4.400104e+00
4.208684e+00
3.006232e+00
2.612771e+00
4.006549e+00
4.194854e+00
4.196643e+00
4.804549e+00
2.410349e+00
4.798998e+00
4.391740e+00
2.199556e+00
4.592870e+00
2.636518e+00
4.398828e+00
4.199687e+00
3.798900e+00
3.593793e+00
3.190560e+00
3.998822e+00
4.204786e+00
3.003657e+00
4.599023e+00
2.799474e+00
4.801116e+00
4.400919e+00
4.399446e+00
3.601104e+00
4
3.386901e+00
2.996148e+00
3.999551e+00
3.424222e+00
3.794826e+00
3.388872e+00
4.591125e+00
4.198723e+00
4.190238e+00
2.586416e+00
4.803123e+00
3.404394e+00
3.403148e+00
2.595941e+00
4.003994e+00
4.178045e+00
3.397038e+00
4.202634e+00
2.418028e+00
4.404118e+00
3.195621e+00
4.623820e+00
4.606512e+00
2.398190e+00
2.953549e+00
4.397807e+00
4.192767e+00
3.401065e+00
3.801132e+00
3.603087e+00
3.205286e+00
4.005488e+00
3.790053e+00
3.990534e+00
3.841604e+00
3.825517e+00
3.395784e+00
4.200717e+00
3.007050e+00
3.994340e+00
4.596637e+00
3.184109e+00
4.199123e+00
3.379093e+00
2.999420e+00
4.012473e+00
4.211848e+00
3.168597e+00
3.400581e+00
3.997622e+00
3.609624e+00
3.381143e+00
4.599875e+00
3.810217e+00
4.798766e+00
2.982602e+00
4.809149e+00
3.967393e+00
3.808702e+00
3.770288e+00
2.594618e+00
4.212023e+00
3.807602e+00
3.802241e+00
3.797023e+00
4.606812e+00
4.399071e+00
3.019589e+00
2.601679e+00
4.396099e+00
3.131183e+00
4.803977e+00
3.208665e+00
4.201358e+00
4.203384e+00
2.381799e+00
4.386115e+00
4.401368e+00
3.200889e+00
4.399487e+00
3.404482e+00
3.622850e+00
3.210513e+00
4.196891e+00
4.001841e+00
4.581826e+00
4.001531e+00
2.782282e+00
2.394800e+00
4.396630e+00
2.600853e+00
3.185873e+00
2.998208e+00
3.407205e+00
4.200906e+00
3.997726e+00
3.806229e+00
2.375606e+00
3.792735e+00
3.608582e+00
3.410880e+00
3.404392e+00
3.380516e+00
2.798266e+00
3.161763e+00
2.980740e+00
4.415197e+00
4.418444e+00
3.798940e+00
4.402139e+00
4.197999e+00
2.974341e+00
4.193226e+00
4.213672e+00
3.808171e+00
4.804418e+00
3.800261e+00
2.606860e+00
3.794139e+00
2.977414e+00
3.798388e+00
4.404376e+00
3.000000e+00
3.783220e+00
3.621102e+00
3.810949e+00
3.401919e+00
4.610235e+00
3.800733e+00
3.805158e+00
3.412554e+00
4.000093e+00
3.378913e+00
3.393167e+00
4
3.405446e+00
4.609983e+00
4.610933e+00
4.391542e+00
3.199537e+00
2.197799e+00
4.792520e+00
3.621623e+00
4.193735e+00
4.403753e+00
3.605582e+00
4.007784e+00
4.603899e+00
4.402044e+00
4.216658e+00
3.990231e+00
3.009262e+00
4.799122e+00
3.050385e+00
3.598718e+00
4.204128e+00
4.194373e+00
4.599478e+00
2.811820e+00
3.003743e+00
5
4.602461e+00
4.203517e+00
3.601469e+00
3.995523e+00
2.954034e+00
4.790210e+00
3.797179e+00
2.813076e+00
2.999080e+00
2.972468e+00
3.412340e+00
4.598471e+00
3.597682e+00
2.999435e+00
4.409452e+00
3.798747e+00
2.205488e+00
3.802526e+00
3.202150e+00
4.400109e+00
4.188638e+00
4.002974e+00
4.006160e+00
3.202939e+00
3.815213e+00
2.988965e+00
3.994698e+00
3.967466e+00
4.200575e+00
4.217712e+00
4.802373e+00
4.009154e+00
4.401713e+00
3.801876e+00
3.605632e+00
3.377818e+00
3.612570e+00
4.792113e+00
3.425541e+00
3.617373e+00
3.416454e+00
4.195170e+00
4.409458e+00
3.581821e+00
3.191965e+00
4.213079e+00
4.201417e+00
4.802972e+00
4.609172e+00
3.594342e+00
3.015764e+00
4.397117e+00
3.426176e+00
4.398504e+00
3.191494e+00
3.396593e+00
3.392516e+00
3.398974e+00
2.810272e+00
4.006745e+00
2.200121e+00
3.592314e+00
4.398871e+00
3.595477e+00
2.600713e+00
4.806006e+00
4.796625e+00
3.400879e+00
4.395472e+00
4.450213e+00
4.002986e+00
3.577474e+00
4.600099e+00
3.817107e+00
4.404904e+00
4.605204e+00
3.203590e+00
3.199454e+00
3.801315e+00
4.607404e+00
4.404061e+00
2.999125e+00
3.601568e+00
3.435685e+00
4.384328e+00
3.994438e+00
4
3.996542e+00
4.195140e+00
4.397753e+00
3.592675e+00
4.207600e+00
3.205840e+00
3.404963e+00
3.006021e+00
3.178375e+00
3.802419e+00
3.804767e+00
4.608578e+00
3.217099e+00
3.789476e+00
3.799964e+00
3.393384e+00
2.780784e+00
4.202644e+00
2.604935e+00
2.603557e+00
4.399311e+00
4.802195e+00
4.597278e+00
4.709120e+00
3.595218e+00
4.601960e+00
3.806663e+00
4.809839e+00
2.799049e+00
4.200092e+00
3.597314e+00
3.201192e+00
4.200996e+00
3.395741e+00
4.205788e+00
4.201473e+00
3.805241e+00
4.382428e+00
4.201112e+00
3.395152e+00
3.156889e+00
4.213175e+00
3.019169e+00
4.395618e+00
4.392140e+00
3.804593e+00
3.200641e+00
4.601172e+00
2.583752e+00
4.191065e+00
3.795574e+00
3.191782e+00
4.391460e+00
4.399730e+00
4.002570e+00
3.806969e+00
3.589672e+00
4.600862e+00
4.197831e+00
4.397554e+00
4.411085e+00
3.614574e+00
2.799398e+00
3.213470e+00
3.373949e+00
2.597598e+00
4.001040e+00
4.608048e+00
3.183960e+00
4.201478e+00
2.797102e+00
3.641905e+00
2.792455e+00
3.995885e+00
3.801134e+00
3.399669e+00
3.201749e+00
3.998386e+00
4.604078e+00
3.790649e+00
3.801128e+00
4.384342e+00
4.395596e+00
2.602173e+00
4.196845e+00
4.599415e+00
3.196903e+00
4.386563e+00
2.975427e+00
3.198089e+00
4.602933e+00
4.799684e+00
2.974145e+00
3.388158e+00
2.788822e+00
4.397926e+00
4.189121e+00
3.981517e+00
4.396361e+00
2.588542e+00
3.384187e+00
3.434143e+00
4.195850e+00
4.184475e+00
3.599683e+00
3.601312e+00
3.162634e+00
3.798851e+00
3.392213e+00
3.207625e+00
3.223330e+00
3.811916e+00
4.207202e+00
3.996745e+00
3.392873e+00
4.191591e+00
3.001347e+00
4.184362e+00
3.396830e+00
3.007495e+00
3.412356e+00
4.198836e+00
4.406360e+00
4.798746e+00
3.977599e+00
3.006275e+00
3.395282e+00
2.799631e+00
4.199974e+00
3.402581e+00
4.001464e+00
3.997592e+00
3.804553e+00
3.542638e+00
3.606847e+00
2.797888e+00
3.816223e+00
4.397559e+00
4.395209e+00
3.592812e+00
3.402274e+00
3.597588e+00
3.400320e+00
3.394756e+00
3.790248e+00
2.204557e+00
3.396686e+00
4.400474e+00
4.794033e+00
3.803965e+00
4.008274e+00
3.596840e+00
4.403542e+00
4.011417e+00
3.995896e+00
3.412512e+00
3.191490e+00
4.192793e+00
3.198428e+00
2.799811e+00
3.810923e+00
4.003992e+00
3.808775e+00
4.399132e+00
3.808333e+00
4.591188e+00
3.421325e+00
3.791652e+00
3.043444e+00
4.213347e+00
3.796372e+00
4.001550e+00
3.995689e+00
3.396053e+00
3.966169e+00
3.808347e+00
1.607334e+00
4.403109e+00
4.204140e+00
4.009093e+00
4.199397e+00
3.377742e+00
3.611682e+00
3.765573e+00
4.202250e+00
4.004021e+00
4.597812e+00
4.195317e+00
3.210401e+00
4.397196e+00
3.390708e+00
4.588068e+00
3.191278e+00
2.196856e+00
3.396590e+00
3.779323e+00
2.792927e+00
3.587273e+00
3.397211e+00
3.383906e+00
3.809998e+00
4.001381e+00
3.206933e+00
4.400140e+00
4.384639e+00
4.013876e+00
4.401994e+00
3.892336e+00
4.188052e+00
3.999851e+00
5
3.801210e+00
4.174368e+00
3.812677e+00
3.384440e+00
2.804026e+00
4.201217e+00
3.604478e+00
3.804326e+00
3.601299e+00
4.387542e+00
3.622169e+00
4.402353e+00
4.398647e+00
4.394302e+00
4.001505e+00
3.790157e+00
4.800196e+00
3.391253e+00
3.017330e+00
2.994925e+00
3.383189e+00
3.408861e+00
4.020199e+00
1.995632e+00
3.979797e+00
2.804385e+00
2.195237e+00
4.196430e+00
3.228261e+00
3.993649e+00
4.190827e+00
3.412771e+00
2.915017e+00
4.607089e+00
4.394053e+00
3.994586e+00
4.001080e+00
2.611191e+00
3.608316e+00
4.237695e+00
3.601053e+00
3.405104e+00
3.994327e+00
4.409393e+00
3.612030e+00
3.790674e+00
4
4.404066e+00
4.021082e+00
2.808640e+00
4.000414e+00
2.606971e+00
3.612484e+00
4.603831e+00
3.602555e+00
3.193333e+00
3.799298e+00
2.791804e+00
3.988597e+00
3.604739e+00
4.591775e+00
4.196717e+00
3.789091e+00
3.215164e+00
4.205639e+00
2.808170e+00
4.405287e+00
3.606610e+00
3.003004e+00
3.186632e+00
4.602860e+00
4.398800e+00
3.996103e+00
2.809990e+00
4.415653e+00
4.199066e+00
4.397067e+00
3.588428e+00
4.396024e+00
4.602050e+00
3.613056e+00
1.202873e+00
5
4.199418e+00
3.039100e+00
3.801101e+00
3.599337e+00
3.195824e+00
2.588380e+00
4.003730e+00
2.598658e+00
3.804023e+00
4.405790e+00
1.595757e+00
3.998057e+00
4.601847e+00
3.793100e+00
3.811728e+00
3.601818e+00
3.793833e+00
3.186884e+00
3.798055e+00
3.399609e+00
4.596322e+00
3.812711e+00
4.026571e+00
5.000000e+00
2.596138e+00
4.397150e+00
4.404958e+00
2.799934e+00
3.802776e+00
1.963406e+00
4.210650e+00
3.407093e+00
3.186773e+00
4.408630e+00
4.601792e+00
3.798583e+00
4.002573e+00
3.196426e+00
4.203882e+00
3.807612e+00
4.804212e+00
2.778866e+00
4.209836e+00
4.002270e+00
3.207640e+00
3.213087e+00
3.794156e+00
4.602869e+00
3.375451e+00
4.231585e+00
3.002089e+00
3.597697e+00
4.003106e+00
4.195789e+00
3.586562e+00
3.589776e+00
4.398856e+00
5.000000e+00
3.008352e+00
3.607657e+00
3.426039e+00
4.203652e+00
3.621775e+00
4.392803e+00
3.388609e+00
4.597545e+00
4.198435e+00
3.042469e+00
2.827146e+00
4.202312e+00
4.202811e+00
3.989590e+00
3.612523e+00
3.787180e+00
1.793273e+00
3.608872e+00
3.815060e+00
3.199042e+00
3.803064e+00
4.601793e+00
4.401845e+00
2.958516e+00
4.400061e+00
4.204691e+00
4.221552e+00
4.405035e+00
4.202413e+00
3.988538e+00
3.607375e+00
3.794756e+00
4.203810e+00
4.196544e+00
3.792800e+00
4.400356e+00
4.007180e+00
3.598026e+00
4.403704e+00
3.718301e+00
3.988123e+00
4.803594e+00
4.004816e+00
3.801756e+00
3.989035e+00
4.603430e+00
3.175718e+00
4.003704e+00
4.224625e+00
4.598785e+00
4.000796e+00
3.589470e+00
3.599830e+00
3.584867e+00
2.993319e+00
3.195922e+00
3.590403e+00
4.188452e+00
4.400622e+00
3.176617e+00
4.203672e+00
4.599237e+00
3.802357e+00
3.030455e+00
2.980510e+00
3.347457e+00
4.601357e+00
4.194598e+00
3.804055e+00
3.995412e+00
4.191361e+00
3.799599e+00
3.391868e+00
2.402847e+00
2.808260e+00
3.801739e+00
4.398058e+00
3.796977e+00
3.601834e+00
3.197029e+00
3.185721e+00
3.816486e+00
2.396008e+00
3.206236e+00
3.403015e+00
3.212017e+00
4.009351e+00
3.825749e+00
4.208282e+00
3.996212e+00
3.602519e+00
4.208016e+00
4.593488e+00
4.398416e+00
2.394505e+00
4.402951e+00
4.189940e+00
3.789622e+00
5
3.806349e+00
4.410933e+00
2.576962e+00
3.594281e+00
4.019748e+00
3.573106e+00
3.797730e+00
4.003235e+00
4.200440e+00
3.199444e+00
3.798198e+00
4.599907e+00
4.801420e+00
3.803241e+00
3.799633e+00
3.191246e+00
4.394923e+00
3.399523e+00
3.174100e+00
4.200177e+00
3.592314e+00
3.212976e+00
4.394398e+00
3.598122e+00
4.185791e+00
3.399427e+00
4.001179e+00
3.803705e+00
3.236499e+00
3.997853e+00
3.608628e+00
3.994793e+00
3.600838e+00
2.805705e+00
3.623481e+00
3.793346e+00
3.801661e+00
4.593325e+00
2.996729e+00
4.395832e+00
3.806731e+00
3.406236e+00
3.408227e+00
3.404606e+00
4.400639e+00
4.802178e+00
3.613175e+00
3.395284e+00
4.013880e+00
4.213293e+00
3.194758e+00
3.972623e+00
4.787479e+00
3.817117e+00
3.382952e+00
3.815308e+00
4.602897e+00
4.601848e+00
4.213999e+00
4.797051e+00
3.397238e+00
3.805206e+00
4.191957e+00
3.200325e+00
3.816316e+00
3.617682e+00
4.213141e+00
4.006713e+00
4.605144e+00
4.000073e+00
3.600225e+00
2.803611e+00
3.400724e+00
4.596907e+00
3.604848e+00
3.854390e+00
3.951972e+00
3.804997e+00
3.597799e+00
2.997200e+00
3.825801e+00
3.976447e+00
4.200340e+00
4.601804e+00
4.805545e+00
3.988518e+00
2.822359e+00
3.408134e+00
3.196124e+00
3.389561e+00
3.989988e+00
4.214022e+00
3.003385e+00
2.820918e+00
4.200461e+00
4.392677e+00
4.416493e+00
3.787430e+00
4.189332e+00
3.796035e+00
4.197658e+00
3.592383e+00
4.191654e+00
3.804466e+00
4.210517e+00
3.018833e+00
3.800574e+00
4.396248e+00
4.410044e+00
3.999906e+00
3.607395e+00
4.396914e+00
4.395698e+00
3.797425e+00
3.987419e+00
4.401421e+00
4.209410e+00
4.211231e+00
4.417828e+00
3.196277e+00
4.002256e+00
4.006250e+00
2.399675e+00
4.191561e+00
3.998151e+00
3.009047e+00
4.399304e+00
3.616326e+00
3.190892e+00
4.419733e+00
3.581898e+00
4
2.997684e+00
4.600309e+00
2.998364e+00
3.996301e+00
2.985599e+00
3.396262e+00
4.183443e+00
3.193182e+00
4.171459e+00
2.408654e+00
4.201987e+00
2.972438e+00
3.193954e+00
3.227119e+00
4.409501e+00
4.401001e+00
2.802562e+00
4.398949e+00
4.002248e+00
3.792781e+00
4
3.614660e+00
4.608046e+00
2.793263e+00
4.596727e+00
3.396429e+00
3.816957e+00
4.220705e+00
4.196701e+00
4.602427e+00
3.801951e+00
3.803862e+00
2.800904e+00
1.801694e+00
4.018489e+00
4.197685e+00
4.223246e+00
3.974654e+00
3.202948e+00
3.610427e+00
3.795813e+00
4.188040e+00
3.854417e+00
4.203422e+00
4.406647e+00
4.400605e+00
3.380805e+00
3.173920e+00
4.195304e+00
3.604915e+00
3.791949e+00
3.986493e+00
3.812863e+00
4.402308e+00
4.195641e+00
3.787659e+00
4.034365e+00
4.605397e+00
3.614745e+00
3.432175e+00
4.201393e+00
4.807381e+00
4.197788e+00
3.600578e+00
4.193879e+00
3.198289e+00
3.196536e+00
3.165772e+00
4.043991e+00
3.389926e+00
2.404149e+00
3.000640e+00
3.603771e+00
4.002903e+00
4.003000e+00
4.584072e+00
3.408376e+00
3.021667e+00
4.020017e+00
3.809016e+00
2.378899e+00
3.550887e+00
4.405139e+00
4.223206e+00
3.789173e+00
3.997268e+00
4.000245e+00
3.181412e+00
3.416832e+00
3.806784e+00
3.393300e+00
3.829508e+00
4.404690e+00
3.833369e+00
3.618597e+00
3.381616e+00
3.798571e+00
2.804030e+00
4.612107e+00
3.998340e+00
4.200765e+00
4.799642e+00
3.223630e+00
3.801900e+00
4.604994e+00
3.796295e+00
2.785852e+00
3.770896e+00
4.199725e+00
4.200035e+00
4.200630e+00
2.593817e+00
3.406635e+00
3.607749e+00
3.209785e+00
4.791942e+00
4.201003e+00
3.795847e+00
3.210015e+00
3.999065e+00
4.204149e+00
3.388945e+00
3.801570e+00
4.396688e+00
4.010054e+00
3.023345e+00
3.994864e+00
4.401636e+00
4.192649e+00
3.794441e+00
5.000000e+00
4.197403e+00
4.210313e+00
4.206714e+00
3.601401e+00
2.379383e+00
3.191357e+00
3.609052e+00
4.197141e+00
4.208348e+00
4.411141e+00
3.048555e+00
3.810921e+00
3.197453e+00
2.400247e+00
4.193031e+00
3.787761e+00
3.195883e+00
4.794279e+00
2.818092e+00
4.405503e+00
2.594259e+00
4.406553e+00
3.585504e+00
3.794587e+00
2.833752e+00
4.603068e+00
3.208475e+00
4.599311e+00
3.602333e+00
4.194914e+00
3.607664e+00
3.807276e+00
3.588333e+00
4.009430e+00
3.200054e+00
4.185088e+00
4.600613e+00
3.789496e+00
3.592360e+00
4.800751e+00
4.600297e+00
4.610363e+00
4.603902e+00
3.400393e+00
2.983119e+00
3.010370e+00
3.402531e+00
4.198468e+00
3.796058e+00
4.406369e+00
2.202161e+00
4.608606e+00
4.799397e+00
2.795591e+00
3.392905e+00
3.203471e+00
4.007654e+00
4.416099e+00
4.810670e+00
4.400758e+00
4.399970e+00
4.800574e+00
3.005692e+00
3.803566e+00
3.340141e+00
3.799205e+00
2.601717e+00
4.604543e+00
3.796709e+00
4.014877e+00
3.779115e+00
4.603570e+00
4.399527e+00
3.807388e+00
4.602368e+00
4.406885e+00
3.998004e+00
3.206023e+00
3.605030e+00
4.399586e+00
3.801571e+00
4.198370e+00
2.404365e+00
4.400496e+00
4.000700e+00
5
3.615964e+00
4.391062e+00
4.405091e+00
5
4.201830e+00
4.199584e+00
4.215312e+00
4.608976e+00
3.799425e+00
3.791555e+00
3.602617e+00
3.999719e+00
2.398151e+00
3.187669e+00
4.606105e+00
3.981207e+00
5.000000e+00
3.196416e+00
4.004672e+00
3.798428e+00
4.394260e+00
4.180461e+00
3.803188e+00
3.797143e+00
3.610283e+00
4.382354e+00
3.183256e+00
4.005679e+00
4.426874e+00
4.199202e+00
3.592186e+00
3.392915e+00
4.400883e+00
4.399348e+00
4.209700e+00
3.592497e+00
4.598212e+00
4.002016e+00
3.794416e+00
4.208795e+00
3.797106e+00
3.204418e+00
4.390250e+00
3.601284e+00
4.408423e+00
4.193225e+00
4.603229e+00
3.976244e+00
4.601829e+00
4.019253e+00
4.402998e+00
4.004624e+00
2.824545e+00
3.989491e+00
4.801593e+00
3.390399e+00
3.205523e+00
4.004492e+00
4.398324e+00
3.793195e+00
3.794909e+00
4.403394e+00
3.806520e+00
4.207336e+00
3.812304e+00
3.199608e+00
4.288243e+00
2.603481e+00
3.394181e+00
4.387340e+00
4.196726e+00
3.388764e+00
4.409051e+00
4.174268e+00
3.416054e+00
4.613405e+00
3.201138e+00
4.222810e+00
3.814771e+00
3.404224e+00
4.206957e+00
3.404543e+00
4.800056e+00
3.589551e+00
3.207211e+00
3.611570e+00
3.035375e+00
4.592917e+00
3.373907e+00
3.010937e+00
4.592324e+00
4.594121e+00
4.192535e+00
4.601447e+00
3.811542e+00
4.383145e+00
4.198496e+00
4.601799e+00
4.400821e+00
4.401861e+00
4.184456e+00
4.196923e+00
3.585485e+00
4.591872e+00
4.404204e+00
4.408072e+00
3.795489e+00
3.807231e+00
3.987131e+00
4.010350e+00
3.590087e+00
4.200253e+00
3.600002e+00
2
3.995106e+00
3.602570e+00
4.398289e+00
3.381560e+00
3.986209e+00
3.392110e+00
4.007467e+00
4.415890e+00
3.787011e+00
2.986050e+00
3.999281e+00
4.001046e+00
4.003746e+00
4.212651e+00
4.411096e+00
4.601159e+00
3.221568e+00
1.822726e+00
3.796898e+00
3.795977e+00
3.589254e+00
3.202823e+00
2.793799e+00
3.551041e+00
2.995519e+00
2.194614e+00
3.014435e+00
3.407067e+00
4.396865e+00
4.607678e+00
3.599502e+00
2.360067e+00
3.804879e+00
4.590209e+00
3.800631e+00
3.438114e+00
4.193627e+00
4.412031e+00
3.397877e+00
3.214103e+00
2.981668e+00
3.586912e+00
3.799971e+00
3.800274e+00
4.803351e+00
4.802357e+00
3.816485e+00
4.187797e+00
4.400198e+00
4.189488e+00
2.595888e+00
4.203791e+00
3.198593e+00
4.405650e+00
3.400199e+00
4.012697e+00
3.226204e+00
4.803643e+00
3.368106e+00
4.004050e+00
3.788721e+00
4
4.000672e+00
3.599835e+00
3.405378e+00
4.602264e+00
2.201049e+00
3.610176e+00
4.604859e+00
4.002775e+00
4.001686e+00
4.407407e+00
4.197378e+00
3.607694e+00
4.203001e+00
2.807876e+00
3.798635e+00
4.225273e+00
4.198860e+00
4.000793e+00
2.997669e+00
5
3.828043e+00
3.806414e+00
4.401195e+00
3.978223e+00
4.373345e+00
3.389015e+00
2.997494e+00
3.995560e+00
3.809932e+00
4.592564e+00
3.399458e+00
3.592457e+00
4.183102e+00
2.615424e+00
3.984819e+00
3.799101e+00
4.203284e+00
1.405622e+00
3.895805e+00
4.396808e+00
4.013990e+00
3.811715e+00
4.616824e+00
2.976481e+00
4
2.394967e+00
4.010617e+00
3.799710e+00
4.197963e+00
3.378857e+00
3.411874e+00
4.195561e+00
3.809718e+00
3.997672e+00
4.600478e+00
3.594098e+00
3.200940e+00
3.376517e+00
3.603006e+00
4.400366e+00
4.000207e+00
2.992657e+00
4.403301e+00
2.796097e+00
3.581282e+00
2.814790e+00
3.599095e+00
4.597237e+00
3.796432e+00
3.801675e+00
3.019453e+00
3.761069e+00
3.208529e+00
4.025617e+00
3.395290e+00
4.404513e+00
3.977934e+00
4.411445e+00
4.209259e+00
2.818432e+00
2.793389e+00
3.800122e+00
3.401571e+00
3.993965e+00
4.201174e+00
4.802953e+00
3.803121e+00
3.237859e+00
3.195894e+00
4.011957e+00
3.413086e+00
3.417730e+00
4.201914e+00
4.618283e+00
3.190447e+00
3.199709e+00
3.748927e+00
4.599364e+00
4.001370e+00
4.200475e+00
3.998391e+00
4.006738e+00
3.595266e+00
4.201159e+00
4.199738e+00
3.399649e+00
2.810393e+00
4.602548e+00
2.393207e+00
4.596792e+00
3.023485e+00
4.793228e+00
3.998000e+00
3.799537e+00
3.795610e+00
3.008212e+00
3.411478e+00
2.605611e+00
3.629372e+00
1.589410e+00
4.201233e+00
3.400436e+00
4.591931e+00
4.206866e+00
3.607402e+00
4.004841e+00
3.410040e+00
4
2.828590e+00
4.799618e+00
3.613778e+00
3.792528e+00
3.399239e+00
4.801730e+00
4.801410e+00
3.601120e+00
3.802737e+00
4.015606e+00
2.181148e+00
3.840549e+00
2.417945e+00
2.604517e+00
2.813926e+00
4.003062e+00
3.222995e+00
3.390731e+00
3.798868e+00
2.398155e+00
4.403129e+00
4.602261e+00
3.198219e+00
4.194507e+00
4.395171e+00
4.186999e+00
4.003958e+00
4.004626e+00
4.599217e+00
4.803156e+00
3.988889e+00
4.601713e+00
3.800781e+00
4.396864e+00
3.411546e+00
2.206104e+00
3.391150e+00
3.996361e+00
3.216580e+00
3.597365e+00
2.417214e+00
3.398791e+00
4.392806e+00
3.804345e+00
4.231775e+00
3.798921e+00
3.177690e+00
4.403252e+00
4.603741e+00
3.797337e+00
3.000883e+00
4.403540e+00
3.597555e+00
1.992868e+00
3.603577e+00
4.004392e+00
4.596232e+00
3.794230e+00
3.605438e+00
4.791729e+00
3.810301e+00
3.610518e+00
4.199272e+00
3.002988e+00
2.999240e+00
3.200365e+00
3.999443e+00
3.995086e+00
4.189989e+00
3.419574e+00
3.009325e+00
