2
4.549843e+00
3.157117e+00
3.949946e+00
1.051059e+00
3.758322e+00
3.452334e+00
4.049356e+00
3.647020e+00
3.952512e+00
3.797301e+00
3.848917e+00
2.599534e+00
2.399009e+00
4.852125e+00
3.197064e+00
4.599260e+00
3.950169e+00
3.492392e+00
2.146117e+00
3.896649e+00
4.348901e+00
4.899948e+00
3.893442e+00
4.901425e+00
3.000000e+00
3.095116e+00
2.254409e+00
4.544652e+00
4.451494e+00
4.346278e+00
4.147791e+00
3.199743e+00
3.099242e+00
4.704780e+00
4.749758e+00
3.802741e+00
4.552549e+00
3.749728e+00
4.500625e+00
2.301024e+00
4.849894e+00
4.403813e+00
3.246170e+00
3.302366e+00
3.649868e+00
3.399236e+00
1.248150e+00
1
4.050867e+00
3.705929e+00
4.698950e+00
5
4.598619e+00
4.647584e+00
4.897881e+00
1.401997e+00
4.751878e+00
3.448479e+00
4.650401e+00
4.205800e+00
3.504005e+00
4
4.397671e+00
3.494121e+00
2.248292e+00
3.801569e+00
3.645208e+00
4.853100e+00
4.757094e+00
4.147903e+00
2.451019e+00
3.351529e+00
3.853885e+00
5
3.649366e+00
4.100555e+00
4.899501e+00
4.901202e+00
3.746852e+00
3.502247e+00
4.549262e+00
3.098239e+00
4.748278e+00
4.398927e+00
3.147288e+00
3.854162e+00
4.748278e+00
4.848330e+00
3.598228e+00
2.947044e+00
3.603641e+00
4.900700e+00
3.754200e+00
5
3.949751e+00
3.041595e+00
4.600794e+00
4.698615e+00
4.497557e+00
1.446220e+00
2.561351e+00
4.800229e+00
4.500991e+00
4.097483e+00
3.901148e+00
3.205273e+00
4.049356e+00
4.849696e+00
2.900315e+00
4.902012e+00
4.500407e+00
3.597865e+00
4
3.700011e+00
4.049245e+00
1
4.248567e+00
4.799253e+00
4.797914e+00
2.656488e+00
4.200859e+00
3.095949e+00
3.650402e+00
2.744866e+00
4.004100e+00
3.095420e+00
3.353146e+00
3.249880e+00
4.852013e+00
4.099885e+00
3.598841e+00
4.901118e+00
4.151275e+00
3.901204e+00
3.607775e+00
4.447308e+00
3.949695e+00
1.548614e+00
4.050780e+00
3.000000e+00
4.598950e+00
4.801317e+00
4.400632e+00
3.947599e+00
3.200439e+00
3.299515e+00
4.500458e+00
3.950560e+00
4.650457e+00
4.896987e+00
3.351805e+00
4.600791e+00
3.949052e+00
4.696769e+00
1.657052e+00
3.605815e+00
3.600150e+00
3.849167e+00
3.802297e+00
4.354179e+00
2.950309e+00
4.049272e+00
4.748442e+00
4.185616e+00
3.653721e+00
3.951342e+00
4.099633e+00
4.752210e+00
3.800504e+00
4.051644e+00
3.449734e+00
1.049831e+00
3.401693e+00
3.796125e+00
2.799754e+00
4.796236e+00
3.898747e+00
2.949272e+00
3.696324e+00
4.600263e+00
5
3.802267e+00
3.652805e+00
3.449598e+00
3.598590e+00
1.151084e+00
4
2.502273e+00
3.542729e+00
4.802210e+00
4.798583e+00
3.402724e+00
2.364955e+00
4.800619e+00
2.839876e+00
4.751876e+00
4.645238e+00
3.901063e+00
4.501747e+00
2.957704e+00
1.599899e+00
1.750061e+00
4.899920e+00
5
3.693029e+00
3.450572e+00
3.848358e+00
1.399683e+00
2.198682e+00
4.949360e+00
3.946734e+00
3.356968e+00
4.853826e+00
3.350324e+00
3.148238e+00
4.198014e+00
2.543036e+00
4.899334e+00
4.948941e+00
3.698615e+00
4.195726e+00
4.948941e+00
4.951815e+00
3.950867e+00
5
3.801067e+00
5
3.146006e+00
4.796934e+00
4.499569e+00
2.194425e+00
4
3.501803e+00
3.299767e+00
3.802267e+00
2.549424e+00
4.496246e+00
4.298629e+00
4.900339e+00
3.149354e+00
4.399653e+00
4.901817e+00
3.698726e+00
4.050668e+00
3.402586e+00
3.799505e+00
4.899585e+00
4.751514e+00
4.352978e+00
3.803075e+00
4.498897e+00
4.452724e+00
5
2.350216e+00
2.810138e+00
5
4.503949e+00
4.197342e+00
3.462347e+00
3.848358e+00
4
1.447337e+00
4.697275e+00
4.451051e+00
3.799840e+00
3.247983e+00
4.050503e+00
3.152370e+00
2.696322e+00
4.297368e+00
4.848777e+00
3.846011e+00
4.504872e+00
3.249966e+00
2.548449e+00
3.149353e+00
3.391980e+00
4.901733e+00
4.854273e+00
4.095083e+00
4.348095e+00
4.899138e+00
3.005191e+00
2.800478e+00
3.952596e+00
4.443650e+00
3.248905e+00
3.857512e+00
5
3.149325e+00
4.749841e+00
5
1.701293e+00
4.247287e+00
3.849391e+00
3.349961e+00
4.447474e+00
4.250051e+00
2.300247e+00
3.698838e+00
4.849251e+00
4.100862e+00
4.549678e+00
4.350271e+00
3.151706e+00
1
4.450186e+00
2.754664e+00
2.699953e+00
3.594987e+00
5
1.802882e+00
4.552860e+00
3.098267e+00
4.449483e+00
2.547226e+00
4.102455e+00
2.497501e+00
2.401579e+00
1.601543e+00
4.950197e+00
3.799030e+00
4.051059e+00
4
4.204794e+00
4.699983e+00
4.300104e+00
1.499848e+00
2.947599e+00
3.348202e+00
3.050612e+00
3.049302e+00
4.248292e+00
4.150836e+00
4.799529e+00
3.247118e+00
5
4.151588e+00
5
5
2.749529e+00
3.803577e+00
4.800480e+00
2.802908e+00
3.949555e+00
4.199743e+00
2.404544e+00
4.452250e+00
4.897712e+00
5
3.901984e+00
4.050975e+00
2.902346e+00
4.402276e+00
4.599902e+00
3.300434e+00
4.650010e+00
3.347423e+00
2.906313e+00
4.451078e+00
4.950504e+00
4.051059e+00
4.749476e+00
1.148349e+00
3.151614e+00
3.749196e+00
4.852098e+00
4.197261e+00
3.496552e+00
3.748836e+00
3.248349e+00
4.548368e+00
3.797854e+00
3.502610e+00
2.240197e+00
1.949164e+00
5
2.094808e+00
3.602972e+00
4.351886e+00
4.151139e+00
4.298986e+00
3.650064e+00
4.851203e+00
4
1
4.401302e+00
3.051059e+00
2.450127e+00
2.249407e+00
3.291559e+00
4.651069e+00
3.647469e+00
4.447172e+00
4.500629e+00
4.597918e+00
3.251445e+00
2.598254e+00
1.302140e+00
3.897768e+00
4.653666e+00
3.999470e+00
5
3.747439e+00
4
4.105329e+00
2.997294e+00
4.149215e+00
2.400269e+00
4.348428e+00
3.694371e+00
3.655537e+00
3.750816e+00
4.152705e+00
3.802434e+00
3.051450e+00
3.899973e+00
4.099071e+00
3.948829e+00
4.499236e+00
4.298236e+00
2.350187e+00
2.550766e+00
4
4.249939e+00
4.454342e+00
2.248122e+00
3.501073e+00
3.499707e+00
4.258222e+00
4.393654e+00
4.599147e+00
3.899110e+00
3.949052e+00
4.951815e+00
4.899696e+00
5
3.858012e+00
4.248461e+00
4.450911e+00
3.144916e+00
3.994281e+00
1.852486e+00
2.898051e+00
3.554591e+00
2.104208e+00
3.800008e+00
4.347479e+00
4.000894e+00
2.506676e+00
4.802295e+00
3.850089e+00
2.595051e+00
2.899864e+00
2.353950e+00
4.848665e+00
4.598590e+00
3.547922e+00
5
4.699646e+00
4.702353e+00
4.250384e+00
4.152482e+00
1.696602e+00
2.093742e+00
4.898887e+00
3.201529e+00
4.498064e+00
4.152198e+00
5
4.899669e+00
2.352195e+00
2.549508e+00
4.297927e+00
4.348905e+00
3.352109e+00
4.351468e+00
3.052173e+00
4.297229e+00
4.099133e+00
5
3.053255e+00
4.647584e+00
4.898440e+00
4.249799e+00
4.701013e+00
3.847548e+00
4.247787e+00
4.050054e+00
4.548338e+00
4.702073e+00
5
4.503362e+00
4.151728e+00
3.398731e+00
3.759939e+00
3.792666e+00
3.952066e+00
4
3.503169e+00
1.701210e+00
3.597252e+00
3.549147e+00
3.748945e+00
4.394073e+00
3.099550e+00
4.800760e+00
3.646355e+00
3.204656e+00
4.251108e+00
3.153347e+00
3.298297e+00
4.751654e+00
5
4.648641e+00
4.594847e+00
3.750007e+00
3.249574e+00
4.701014e+00
2.648672e+00
4
3.696882e+00
3.399599e+00
3.899584e+00
1.260663e+00
5
4.300970e+00
4.801122e+00
4.099133e+00
4.896819e+00
3.649062e+00
2.794758e+00
4.799449e+00
2.895646e+00
4.203317e+00
3.148908e+00
3.350605e+00
5
3.899083e+00
5
4.402834e+00
4.650513e+00
3.901984e+00
4.349822e+00
4.807259e+00
4.298930e+00
3.298596e+00
2.949441e+00
4.403088e+00
2.150251e+00
2.903021e+00
2.949918e+00
3.947104e+00
3.653610e+00
3.552104e+00
3.846623e+00
2.853130e+00
4.050612e+00
4
3.555340e+00
3.947964e+00
4.049970e+00
2.847128e+00
3.001592e+00
2.950557e+00
3.596187e+00
4.147428e+00
3.599427e+00
3.451942e+00
4.800062e+00
3.599033e+00
4.053935e+00
3.900087e+00
4.404120e+00
2.345831e+00
4.047934e+00
1.651129e+00
2.188189e+00
4.704836e+00
3.897629e+00
5
3.399238e+00
2
3.341118e+00
5
3.503420e+00
4.449459e+00
5
4.296615e+00
4.949220e+00
3.501133e+00
3.898859e+00
2.832927e+00
3.447168e+00
3.098936e+00
1
4.050221e+00
2.950169e+00
3.848861e+00
4.255493e+00
3.099494e+00
5
2.942631e+00
4.949360e+00
4.101897e+00
4.198738e+00
4.798551e+00
3.395740e+00
4.301580e+00
4.502250e+00
3.848302e+00
4.699313e+00
3.849308e+00
4
4.949220e+00
4.548003e+00
4.050420e+00
3.494295e+00
3.497254e+00
3.850229e+00
2.753105e+00
4
3.296950e+00
2.248877e+00
3.056922e+00
4.101672e+00
4.651797e+00
4
3.701042e+00
2.145279e+00
2.847524e+00
4.293630e+00
3.651715e+00
4.301890e+00
2.604897e+00
3.801346e+00
4.398039e+00
3.848105e+00
3.448310e+00
4.903713e+00
3.946817e+00
3.284695e+00
4.050445e+00
4.099885e+00
3.198041e+00
3.901565e+00
3.502080e+00
4
4.098014e+00
3.853631e+00
3.850587e+00
4.050948e+00
4.050054e+00
3.949052e+00
5
4.549703e+00
4.400607e+00
3.798416e+00
3.504845e+00
4.348653e+00
4.400378e+00
3.753164e+00
3.904079e+00
2.102119e+00
3.446973e+00
4
4.543565e+00
2.855195e+00
3.799029e+00
4.951648e+00
3.804752e+00
4.552330e+00
4.800035e+00
2.997042e+00
4.701796e+00
4.546299e+00
4.649952e+00
2.950756e+00
4.548366e+00
3.411121e+00
3.251363e+00
2.848968e+00
3.949360e+00
5
2.750815e+00
3.349906e+00
3.894029e+00
1.657044e+00
4.948941e+00
1.800258e+00
5
3.549513e+00
1.501355e+00
2.996707e+00
4.047907e+00
3.694844e+00
3.951648e+00
4
4.801094e+00
2.303984e+00
3.800677e+00
4.849670e+00
3.757569e+00
4.051003e+00
4.699592e+00
3.648672e+00
4.199129e+00
4.048352e+00
3.501992e+00
3.803328e+00
4.403003e+00
4.099633e+00
3.153710e+00
2.748669e+00
3.396978e+00
4.395747e+00
4.301472e+00
4.048937e+00
4.949946e+00
5
4.500933e+00
3.847381e+00
4.149298e+00
4.098184e+00
4.000111e+00
4.950197e+00
4.899529e+00
4.048355e+00
4.845899e+00
4.698420e+00
4.498008e+00
3.798974e+00
2.797072e+00
4.146174e+00
3.848553e+00
5
4.399014e+00
4.248262e+00
3.847268e+00
1
4.551857e+00
4.399038e+00
3.746573e+00
3.999749e+00
3.597697e+00
4.595183e+00
1.402512e+00
4
2.701820e+00
4.698922e+00
2.902628e+00
2.897241e+00
1
5
2.447223e+00
3.702910e+00
4.343431e+00
4.204265e+00
3.297311e+00
4.344547e+00
4.147869e+00
4.900757e+00
5
4.045870e+00
4.200078e+00
2.852376e+00
4.495688e+00
4.549454e+00
3.798360e+00
1.458336e+00
4.902012e+00
3.899529e+00
2.406540e+00
3.899473e+00
3.897546e+00
1.953544e+00
4.748051e+00
3.899386e+00
2.899222e+00
5
3.846737e+00
4.100890e+00
3.389556e+00
5
3.149773e+00
1.098072e+00
4.450794e+00
3.646104e+00
3.750397e+00
2.996932e+00
3.848777e+00
5
4.845927e+00
4.949052e+00
4.899724e+00
3.449796e+00
4.701569e+00
3.551213e+00
1.852626e+00
4.303509e+00
4.899110e+00
4.453143e+00
3.145564e+00
3.799198e+00
4.500821e+00
3.096367e+00
5
4.104088e+00
4.502919e+00
4.349711e+00
2.002263e+00
4.295494e+00
2.800147e+00
4.252422e+00
2.206549e+00
4.595741e+00
4.900590e+00
4.296725e+00
3.757875e+00
3.000028e+00
4.249464e+00
3.852436e+00
2.496634e+00
4.101057e+00
4.649870e+00
2
4.500293e+00
2.349822e+00
3.203430e+00
3.498338e+00
4.099885e+00
4.950169e+00
4.351607e+00
4.397140e+00
3.149967e+00
3.101057e+00
3.652326e+00
3.948663e+00
4.797551e+00
4.003041e+00
3.644820e+00
3.801736e+00
3.950979e+00
2.452887e+00
4.152927e+00
4.448702e+00
4.002514e+00
3.545856e+00
3.242371e+00
4.750424e+00
2.200525e+00
3.535858e+00
4.699870e+00
4.398982e+00
4.948941e+00
4.647137e+00
4.144968e+00
3.846486e+00
4.498983e+00
4.501884e+00
4.900813e+00
1.102483e+00
4.602019e+00
4.048323e+00
4.349207e+00
4.347538e+00
4.002120e+00
4.050054e+00
2.903209e+00
3.651099e+00
3.754050e+00
4.748389e+00
4.249797e+00
3.303651e+00
3.402501e+00
4.049356e+00
4.700763e+00
4.345052e+00
4.000055e+00
2.252388e+00
4.800845e+00
2.949304e+00
4.146311e+00
4.404316e+00
5
4.555256e+00
4.199603e+00
4.048185e+00
4.897881e+00
4.701124e+00
4.052314e+00
3.899780e+00
2.200329e+00
4.799421e+00
4.050249e+00
4.698444e+00
3.900116e+00
4.753045e+00
3.200021e+00
3.900560e+00
4.799166e+00
4.155496e+00
4.102259e+00
2.947654e+00
2.050417e+00
2.947406e+00
3.598282e+00
4.803800e+00
4.299824e+00
3.649732e+00
3.199743e+00
1.052401e+00
4.199495e+00
4.300995e+00
4.696742e+00
3.998775e+00
2.999861e+00
5
1.646157e+00
4.257614e+00
4.301834e+00
4.493149e+00
4.151698e+00
3.901817e+00
4.647913e+00
4.749172e+00
3.697805e+00
3.498145e+00
4.252561e+00
4.249966e+00
3.997653e+00
3.053570e+00
3.756732e+00
4.600933e+00
3.050948e+00
4.647723e+00
4.801485e+00
4.602077e+00
3.303844e+00
4.049496e+00
2.798053e+00
3.994227e+00
4.605817e+00
1.498644e+00
4.597109e+00
4.350157e+00
5
4.451075e+00
2.789759e+00
3.448817e+00
3.950002e+00
5
4.349072e+00
4.054573e+00
3.044781e+00
1.602271e+00
3.949751e+00
3.851203e+00
2.598417e+00
4.400408e+00
4.950169e+00
4.296997e+00
1.245530e+00
5
3.199574e+00
4.504035e+00
4.198041e+00
3.050054e+00
3.551717e+00
3.395802e+00
2.901567e+00
3.696073e+00
4.104266e+00
3.302022e+00
3.603024e+00
3.749196e+00
3.901704e+00
4.799362e+00
3.352445e+00
4.196758e+00
4.901566e+00
3.147318e+00
3.000000e+00
3.646018e+00
3.847465e+00
3.499818e+00
4.699283e+00
4.144668e+00
4.350045e+00
4.900867e+00
4.249714e+00
3.547974e+00
4.150834e+00
4.750958e+00
3.398089e+00
4.253790e+00
4.599899e+00
4.299768e+00
3.798081e+00
4.949388e+00
4.802991e+00
3.344653e+00
3.499900e+00
4.351079e+00
3.748751e+00
4.698084e+00
2.850843e+00
4.355322e+00
4.598924e+00
4.147767e+00
4.298962e+00
4.205632e+00
4.949946e+00
3.799893e+00
4.851399e+00
4.748753e+00
2.948599e+00
4.853213e+00
3.252033e+00
3.851432e+00
2.744931e+00
4.149133e+00
4.352502e+00
4
4.546078e+00
5
4.198766e+00
4
1.707740e+00
4.256609e+00
4.049496e+00
3.901178e+00
4.096229e+00
4.044441e+00
4.292591e+00
2.042155e+00
4.400967e+00
4.949220e+00
5
3.901761e+00
3.999972e+00
3.252893e+00
4.350996e+00
5
4.103181e+00
2.642192e+00
3.843471e+00
2.506351e+00
4.049356e+00
3.301555e+00
2.053146e+00
2.650343e+00
4.900813e+00
4.046873e+00
3.604923e+00
3.801235e+00
2.650595e+00
3.903824e+00
3.496017e+00
4.702856e+00
1.888531e+00
3.301305e+00
3.100080e+00
3.907144e+00
4.002288e+00
5
4.548897e+00
3.458285e+00
2.098544e+00
2.202340e+00
4.899780e+00
1.306468e+00
2.597056e+00
2.396196e+00
4.899864e+00
3.796152e+00
4.351080e+00
3.901761e+00
4.899697e+00
3.449483e+00
4.502499e+00
3.900115e+00
2.952738e+00
3.198126e+00
1.150110e+00
5
5
5
2.546225e+00
3.752824e+00
2.449546e+00
4.100331e+00
2.645209e+00
4.951648e+00
3.647998e+00
2.898689e+00
4.350604e+00
4.050780e+00
4.200468e+00
3.801485e+00
4.849475e+00
4.896651e+00
4.949918e+00
3.750453e+00
4.450798e+00
4.198960e+00
5
3.750482e+00
3.051171e+00
3.750091e+00
3.952066e+00
5
3.000142e+00
4.197705e+00
3.899445e+00
3.850339e+00
3.502640e+00
3.804778e+00
5
2.954889e+00
4.296254e+00
1
4.297117e+00
4.452696e+00
4.600850e+00
3.956365e+00
3.847156e+00
3.449764e+00
1.649842e+00
2.047934e+00
2.495994e+00
2.555259e+00
2.604782e+00
4.150916e+00
3.904389e+00
5
3.351467e+00
1.744147e+00
2.406126e+00
4
4.348650e+00
4.448227e+00
4.199100e+00
4.447615e+00
4.643757e+00
2.736009e+00
4.250382e+00
5
2.493959e+00
1.851093e+00
3.595517e+00
4.454257e+00
1.645995e+00
4.949946e+00
2.795482e+00
2.747129e+00
4.548508e+00
3.898105e+00
4.502109e+00
4.201724e+00
4.151586e+00
4.196979e+00
3.999665e+00
3.455012e+00
4.951648e+00
5
4.702268e+00
4.100577e+00
4.653135e+00
4.898243e+00
4.046062e+00
3.898915e+00
4.899389e+00
4.603333e+00
3.897130e+00
3.058960e+00
2.496467e+00
4.205188e+00
5
3.902709e+00
1.403560e+00
1.251640e+00
3.949751e+00
4.102007e+00
4.851344e+00
4.349849e+00
4.247315e+00
4.900367e+00
3.904550e+00
2.049803e+00
4.351691e+00
3.606710e+00
4.546106e+00
4.898999e+00
4.349682e+00
4.399797e+00
4.397479e+00
3.150749e+00
4.949388e+00
3.896651e+00
3.157369e+00
4.547834e+00
4.149551e+00
3.497362e+00
4.901733e+00
4.697996e+00
3.151474e+00
3.696517e+00
4.800705e+00
4.251279e+00
3.399039e+00
3.253591e+00
4.593537e+00
4.302338e+00
3.848107e+00
4.352476e+00
4.950113e+00
1.453142e+00
3.301553e+00
4.948941e+00
2.798775e+00
3.049971e+00
1.250270e+00
1.649064e+00
4
4.849307e+00
4.401298e+00
5
3.000000e+00
4.498366e+00
4.251921e+00
3.750813e+00
4.402358e+00
4.049440e+00
4.495743e+00
3.851259e+00
1.348119e+00
2.905749e+00
5
4.649510e+00
4.000782e+00
3.298206e+00
4.653163e+00
4.205214e+00
3.292596e+00
3.546498e+00
3.650150e+00
2.545127e+00
4.848358e+00
3.650872e+00
4.099940e+00
3.003603e+00
3.337817e+00
3.748809e+00
4.647051e+00
4.950169e+00
3.951815e+00
2.590579e+00
4.050584e+00
4.900478e+00
4.098631e+00
4.604086e+00
3.697969e+00
1.499314e+00
4.547054e+00
4.246114e+00
3.702188e+00
4.848885e+00
3.349602e+00
2.200914e+00
3.800227e+00
1.797327e+00
3.345970e+00
4.600569e+00
4.249489e+00
3.299658e+00
4.301134e+00
4.399206e+00
2.699339e+00
4.496524e+00
2.044162e+00
4.399712e+00
4.396075e+00
4.094945e+00
4.152062e+00
3.998995e+00
2.246924e+00
4.455821e+00
3.410205e+00
3.351272e+00
4.899246e+00
3.000000e+00
4.897796e+00
4.701850e+00
5
4.097567e+00
1.850981e+00
4.252587e+00
4.950504e+00
3.302810e+00
3.848252e+00
4.301750e+00
4.296336e+00
4.849224e+00
3.201002e+00
3.801928e+00
4.198069e+00
3.701935e+00
2.904128e+00
4
2.800703e+00
2.196819e+00
3.750015e+00
3.958823e+00
2.750874e+00
4.949388e+00
3.947599e+00
4.295862e+00
2.655420e+00
4.699897e+00
2.487988e+00
3.051059e+00
4.849531e+00
4.446135e+00
4.950197e+00
4.201252e+00
3.446414e+00
5
4.247541e+00
4.949220e+00
4.901006e+00
2.745175e+00
3.648473e+00
1.601598e+00
4.047934e+00
4.801625e+00
4.048185e+00
3.499065e+00
4.448649e+00
4.199998e+00
4.346840e+00
3.547003e+00
4.900143e+00
3.651015e+00
4.098070e+00
4.747831e+00
4.851176e+00
3.644512e+00
3.750731e+00
4.700428e+00
3.852963e+00
4.149662e+00
3.399708e+00
1.647246e+00
3.853408e+00
3.300969e+00
4.950113e+00
2.352835e+00
4.200862e+00
3.447700e+00
4.448591e+00
2.848643e+00
2.196535e+00
3.754000e+00
2.249138e+00
4.150860e+00
4.250108e+00
3.753133e+00
4.699810e+00
2.043134e+00
1.751792e+00
4.051560e+00
4.698472e+00
4.497724e+00
1.197149e+00
3.448813e+00
3.547893e+00
3.048185e+00
5
4.049803e+00
5
4.701852e+00
5
5
4.200803e+00
4.697973e+00
3.550768e+00
4.151475e+00
3.202450e+00
3.949751e+00
4.451438e+00
4.501665e+00
3.657459e+00
4.652048e+00
4.199993e+00
1.501604e+00
4.899948e+00
3.451575e+00
4.950113e+00
3.898524e+00
4.299322e+00
2.193245e+00
4.799449e+00
4.003436e+00
4.900339e+00
2.553301e+00
3.749758e+00
3.848554e+00
3.066272e+00
4.648114e+00
3.444932e+00
4.950169e+00
3.902179e+00
4.148683e+00
3.489974e+00
1
4.949360e+00
3.951648e+00
4.554367e+00
4.099075e+00
4.899054e+00
3.047011e+00
2.098937e+00
4.199325e+00
1.098406e+00
4.346724e+00
2.156703e+00
2.795708e+00
4.798220e+00
3.649706e+00
2.747692e+00
4.551015e+00
4.251614e+00
4.801150e+00
4.493229e+00
4.497054e+00
4.201445e+00
2.201114e+00
4.405012e+00
3.949946e+00
3.949332e+00
3.548670e+00
4.001144e+00
4.552415e+00
3.754610e+00
4
4.849307e+00
2.592561e+00
3.246700e+00
2.400587e+00
3.351747e+00
4.354568e+00
3.252868e+00
3.998857e+00
4.454509e+00
4.396025e+00
3.949108e+00
3.397673e+00
4.250024e+00
2.701518e+00
4.949360e+00
4.899250e+00
3.147983e+00
3.200105e+00
4.099912e+00
4.247955e+00
3.346222e+00
4
4.699702e+00
1.049831e+00
3.698362e+00
5
4.200579e+00
3.648864e+00
3.649231e+00
3.197316e+00
3.051897e+00
3.395471e+00
3.503694e+00
4.350910e+00
4.498225e+00
4.948941e+00
4.751290e+00
3.898775e+00
3.594787e+00
4.348063e+00
3.950588e+00
3.701739e+00
4.046816e+00
4.601770e+00
4.298986e+00
3.599928e+00
4.050361e+00
4.450654e+00
4.246980e+00
4.049774e+00
2.897072e+00
4.900060e+00
4.152286e+00
4.949751e+00
4.048242e+00
1.851090e+00
3.700285e+00
4.050417e+00
5
4
3.748389e+00
5
4.549817e+00
4.199551e+00
1.906894e+00
4.547726e+00
3.849671e+00
4.098435e+00
4.950169e+00
3.248456e+00
4.900673e+00
3.401693e+00
4.047934e+00
4.899501e+00
4.252421e+00
2.348482e+00
4.247596e+00
4.746741e+00
3.697275e+00
4
3.900867e+00
3.854748e+00
4.450462e+00
4
2.753158e+00
4.798583e+00
4.550654e+00
4.299324e+00
4.505177e+00
4.050054e+00
3.401633e+00
4.747608e+00
5
5
3.097926e+00
4.299297e+00
3.396945e+00
4.597137e+00
4.700511e+00
4.900729e+00
3.397305e+00
3.452357e+00
4.203177e+00
3.807182e+00
2.509145e+00
4.900255e+00
4.100336e+00
4.848833e+00
3.101476e+00
3.409118e+00
4.949918e+00
3.050780e+00
2.698499e+00
1.751762e+00
4.949360e+00
4.703916e+00
4.197426e+00
3.404643e+00
4.401134e+00
3.198012e+00
4.848498e+00
4.047934e+00
4.703135e+00
4.348872e+00
4.949946e+00
4.604225e+00
3.746601e+00
1.948746e+00
3.695312e+00
3.442981e+00
4.647527e+00
4.202703e+00
4.597474e+00
3.000000e+00
5
3.604869e+00
1.995758e+00
1.994866e+00
1.297284e+00
3.150330e+00
4.547946e+00
2.901174e+00
4.349040e+00
3.951648e+00
4.048352e+00
3.847716e+00
4.300018e+00
4.750928e+00
3.196813e+00
4.447282e+00
4.101001e+00
4.701600e+00
3.904304e+00
2.550628e+00
4.197287e+00
4.948941e+00
3.451722e+00
4.099327e+00
4.250106e+00
1.202449e+00
3.851595e+00
3.998771e+00
1.345552e+00
2.347367e+00
4.797802e+00
4.299601e+00
3.103123e+00
3.753017e+00
3.651490e+00
4.900060e+00
4.899892e+00
3.405205e+00
4.200049e+00
3.708101e+00
4.804192e+00
3.245028e+00
4.049803e+00
4.495521e+00
4.049831e+00
4.503948e+00
4.501128e+00
2.754420e+00
2.648418e+00
3.341038e+00
5
3.198176e+00
4.451300e+00
4.747384e+00
2.801960e+00
3.704699e+00
4.100890e+00
1.895394e+00
5
4.898887e+00
4.499597e+00
4.901594e+00
4.750093e+00
2.747022e+00
1.248458e+00
4.948941e+00
4.551800e+00
4.644816e+00
3.647668e+00
4.450544e+00
4.299516e+00
3.901621e+00
4.851120e+00
3.489487e+00
2.097678e+00
4.653581e+00
4
3.505571e+00
1.049496e+00
4.501242e+00
3.396304e+00
3.499451e+00
4.749730e+00
4.397477e+00
4.444990e+00
3.851456e+00
4.151252e+00
1
3.654978e+00
1.047934e+00
3.798667e+00
4.602744e+00
4.448539e+00
4.753271e+00
4.100416e+00
4.446637e+00
3.452137e+00
4.851316e+00
4.849948e+00
3.454816e+00
3.152619e+00
4.900422e+00
4.247480e+00
3.950169e+00
3.000927e+00
4.950169e+00
3.348456e+00
4.004049e+00
4.600235e+00
4.950644e+00
3.999805e+00
3.952067e+00
4.949220e+00
3.503638e+00
4.197011e+00
4.900143e+00
3.251248e+00
4.700513e+00
3.951509e+00
4.402469e+00
3.900367e+00
3.544262e+00
4.449067e+00
3.951648e+00
4.102705e+00
4.099243e+00
3.548954e+00
2.948941e+00
4.800507e+00
3.000000e+00
4.252926e+00
3.555317e+00
4.198876e+00
4.949946e+00
4.251561e+00
2.004859e+00
4.696298e+00
4.902263e+00
4.495910e+00
4.252614e+00
1.050612e+00
3.901928e+00
4.552164e+00
3.801932e+00
5
4.597360e+00
4.801710e+00
4.400213e+00
4.901035e+00
4.249826e+00
4.602468e+00
3.751734e+00
4.900673e+00
2.742387e+00
3.752910e+00
5
4.301082e+00
4.148322e+00
4.202592e+00
4.748529e+00
3.948382e+00
3.445774e+00
3.399094e+00
5
3.848637e+00
2.746545e+00
3.549234e+00
4.394910e+00
3.553251e+00
1.750786e+00
4.152509e+00
5
5
4.250078e+00
2.896460e+00
4.047934e+00
4.597921e+00
2.702576e+00
4.050780e+00
4.049803e+00
3.953127e+00
3.499342e+00
3.404481e+00
4.352057e+00
3.696406e+00
3.892381e+00
4.896540e+00
3.998051e+00
4.445048e+00
3.099243e+00
4.243632e+00
2.905196e+00
4.251028e+00
4.550849e+00
3.904915e+00
3.746820e+00
4.854022e+00
3.197705e+00
4.950169e+00
3.050361e+00
3.848717e+00
1.198376e+00
3.949388e+00
4.352865e+00
4.144080e+00
4.103289e+00
3.748417e+00
4.598227e+00
3.900175e+00
4
2.649393e+00
4.553362e+00
4.898273e+00
3.848330e+00
3.348173e+00
4.799279e+00
3.704364e+00
3.450798e+00
4.550906e+00
3.195893e+00
1.492088e+00
2.845897e+00
4.401050e+00
4.051059e+00
4.497278e+00
3.498398e+00
4.549597e+00
4
4.900031e+00
4.199743e+00
3.648254e+00
4.100136e+00
2.898690e+00
4.499904e+00
3.952066e+00
5
3.000000e+00
4.950169e+00
4.799672e+00
3.301581e+00
4.348956e+00
4.055221e+00
3.853944e+00
4.898328e+00
3.948103e+00
4.649844e+00
4.899306e+00
4.552385e+00
3.852070e+00
3.645850e+00
4.753188e+00
3.949023e+00
3.799221e+00
3.598419e+00
2.197596e+00
4.596437e+00
3.650569e+00
4.102621e+00
5
4.899864e+00
3.701068e+00
3.498929e+00
5
3.596664e+00
3.149548e+00
1.503113e+00
3.450745e+00
4
4.750091e+00
3.953767e+00
2.848804e+00
4.949220e+00
2.053434e+00
2.338158e+00
1.749701e+00
4.150442e+00
4.697775e+00
4.347337e+00
3.698279e+00
3.752462e+00
3.000000e+00
3.248540e+00
3.298067e+00
4.599176e+00
3.602105e+00
4.150637e+00
2.997600e+00
3.501579e+00
3.699925e+00
3.000000e+00
2.394883e+00
4.647805e+00
4.496440e+00
3.649812e+00
4.049831e+00
3.697352e+00
3.698193e+00
2.591721e+00
4.500685e+00
4.396948e+00
3.701488e+00
2.497503e+00
3.947963e+00
3.397172e+00
5
3.801957e+00
5
4.747440e+00
4.098965e+00
4.347979e+00
4.702073e+00
3.747494e+00
4.098602e+00
4.653886e+00
4.452947e+00
4.052341e+00
3.000000e+00
4.699757e+00
4.350438e+00
4.051287e+00
4.900450e+00
2.447672e+00
3.259152e+00
3.901148e+00
3.947966e+00
3.303063e+00
3.401806e+00
3.801460e+00
4.101504e+00
2.752129e+00
2.400770e+00
2.299381e+00
4.798025e+00
4.402806e+00
3.852097e+00
3.894056e+00
4.799588e+00
4
2.445001e+00
3.655228e+00
4.800450e+00
3.198376e+00
3.099017e+00
2.550321e+00
4
4
4.044695e+00
4.051534e+00
5
4
1.998128e+00
3.897350e+00
4.551493e+00
4.949360e+00
2.900757e+00
4.499346e+00
2.656574e+00
4.903713e+00
4.353060e+00
4.099410e+00
4.598365e+00
1.598837e+00
4.899557e+00
3.799557e+00
2.855894e+00
1.047934e+00
4.899557e+00
4.101865e+00
3.439965e+00
3.399038e+00
4.699927e+00
4.948941e+00
4.252031e+00
4
3.952066e+00
2.847606e+00
5
4.102982e+00
4.399824e+00
3.700206e+00
4.049803e+00
4.948941e+00
4.748414e+00
2.499263e+00
3.549817e+00
4.501857e+00
2.304738e+00
3.599900e+00
5
3.551771e+00
2.250551e+00
4.598114e+00
3.546824e+00
4.600738e+00
4.153794e+00
4.901984e+00
4.696521e+00
3.900087e+00
4.797410e+00
4.353312e+00
4.401133e+00
1.547668e+00
3.596352e+00
5
4.950169e+00
4.901984e+00
3.058041e+00
3.696044e+00
2.850201e+00
2.452022e+00
5
4.150610e+00
3.358590e+00
4.204741e+00
4.750091e+00
3.698392e+00
1.602024e+00
3.606712e+00
3.999388e+00
2.898300e+00
4.348733e+00
3.210938e+00
4.752520e+00
4.102007e+00
4.198907e+00
4.151868e+00
2.456516e+00
3.804722e+00
3.650819e+00
4.749868e+00
4.453726e+00
2.796520e+00
2.956171e+00
4
4.448341e+00
3.451354e+00
3.404483e+00
3.900283e+00
5
4.949220e+00
4.949918e+00
4
4.351048e+00
5
1.849052e+00
4.947599e+00
3.000000e+00
3.900364e+00
4.049356e+00
2.700706e+00
3.002177e+00
5
4.750841e+00
3.000000e+00
4.750705e+00
4.697692e+00
4.151167e+00
2.446019e+00
5
3.447027e+00
4.551354e+00
3.701654e+00
4.247954e+00
4.351974e+00
4.652773e+00
4.649480e+00
2.802071e+00
2.949471e+00
4.446781e+00
3.954297e+00
3.599873e+00
4.150749e+00
5
1
3.249909e+00
1.697107e+00
1.448733e+00
4.247229e+00
3.599540e+00
4.949220e+00
2.492252e+00
4.902291e+00
4.852795e+00
4.950169e+00
3.000000e+00
3.000000e+00
2.648333e+00
3.200973e+00
4.850508e+00
4.096287e+00
1.495853e+00
2.051756e+00
3.400042e+00
3.797938e+00
5
2.854111e+00
4.597498e+00
3.900032e+00
4.747496e+00
4.501129e+00
3.097542e+00
4.748777e+00
4.901816e+00
4.197845e+00
3.751682e+00
4.298374e+00
3.946789e+00
4.949751e+00
4.297841e+00
5
4.900729e+00
3.204545e+00
4.300412e+00
3.851092e+00
4.496525e+00
4.353424e+00
5
4.049976e+00
1.349542e+00
4.797578e+00
1.204575e+00
3.396673e+00
4.053378e+00
3.901453e+00
3.845760e+00
3.341228e+00
4.951648e+00
2.998130e+00
2.551826e+00
4.950197e+00
4.849056e+00
4.602326e+00
1.100834e+00
3.498841e+00
3.949918e+00
1.454061e+00
3.851120e+00
5
4.753355e+00
1.798556e+00
4.752604e+00
1.549929e+00
5
4.795147e+00
4.602300e+00
4.452193e+00
1.100499e+00
4.750118e+00
4.451966e+00
3.645516e+00
4.501635e+00
4.949946e+00
5
4.352476e+00
2.904160e+00
4.101030e+00
3.393626e+00
3.748417e+00
3.951648e+00
4.544626e+00
4.302783e+00
4.548723e+00
4.197343e+00
4.699201e+00
4.505818e+00
2.305548e+00
3.806362e+00
3.050948e+00
3.998744e+00
3.652801e+00
4.398314e+00
4.499791e+00
4.597334e+00
4.304011e+00
4.948941e+00
2.450935e+00
4.750621e+00
4.301391e+00
1.098183e+00
4.501382e+00
3.900701e+00
5
3.950113e+00
1.950837e+00
3.597557e+00
3.051059e+00
3.952066e+00
4.302672e+00
3.999752e+00
4.051310e+00
3.950113e+00
5
4.000422e+00
3.247257e+00
4.398203e+00
2.949052e+00
2.900003e+00
4.750762e+00
4.051059e+00
3.552918e+00
3.302588e+00
2.796655e+00
4.093246e+00
3.552720e+00
4.799281e+00
4.048964e+00
3.898243e+00
4.852460e+00
3.299941e+00
4.698057e+00
1.250633e+00
4.400437e+00
3.897405e+00
4.001256e+00
4.253846e+00
4.796573e+00
4.349492e+00
4.153092e+00
5
5
2.345525e+00
1
2.146118e+00
4.000112e+00
2.555176e+00
4.097821e+00
4.152118e+00
4.847213e+00
3.602659e+00
3.196617e+00
3.245834e+00
2.750789e+00
1.254877e+00
5
3.949945e+00
2.554701e+00
2.953630e+00
5
1.548172e+00
5
4.950197e+00
2.147622e+00
4.099745e+00
4.800370e+00
4.646830e+00
4.151977e+00
5
4.949360e+00
4.103013e+00
3.950197e+00
4.250745e+00
4.300467e+00
4.047875e+00
2.994165e+00
3.998886e+00
3.708047e+00
4.802238e+00
4.949946e+00
3.996517e+00
3.950031e+00
4.452275e+00
4.402251e+00
4.501635e+00
4.244914e+00
4.949946e+00
4.350801e+00
2.607880e+00
4.103375e+00
4.550011e+00
2.150471e+00
4.602606e+00
4.950560e+00
3.951815e+00
4.848721e+00
3.551467e+00
4.847827e+00
2.901398e+00
3.950113e+00
3.901092e+00
4.304514e+00
3.505680e+00
3.951815e+00
2.553081e+00
2.359007e+00
1
4.699841e+00
4.746488e+00
3.500430e+00
3.000279e+00
3.807932e+00
4.497666e+00
3.248011e+00
3.996032e+00
2.499623e+00
3.947184e+00
4.651155e+00
4.701461e+00
4.496692e+00
4.449571e+00
4.295498e+00
3.201197e+00
2.101113e+00
4.652800e+00
3.701959e+00
1.197425e+00
3.100722e+00
5
4.099525e+00
5
4.194416e+00
4.050249e+00
1.635752e+00
1.844868e+00
3.697188e+00
4.148098e+00
1.747919e+00
4.698695e+00
4.749646e+00
4.452891e+00
4.297368e+00
4.950560e+00
3.948997e+00
4.855528e+00
3.851372e+00
4.847800e+00
4.545044e+00
4.151672e+00
2.747716e+00
3.301998e+00
4.246617e+00
4.149100e+00
4.052875e+00
4.151585e+00
4
5
3.306494e+00
4.202201e+00
4.003710e+00
2.397308e+00
4.102455e+00
4.797830e+00
4.295694e+00
4.800591e+00
2.708328e+00
3.799168e+00
4.151981e+00
4.151363e+00
4.947599e+00
4.504983e+00
4.948941e+00
4.050780e+00
4.298847e+00
4.950644e+00
4.649369e+00
4.003600e+00
4.647218e+00
3.798666e+00
2.445238e+00
2.446386e+00
3.597997e+00
4.752659e+00
4.749868e+00
4.749981e+00
3.998239e+00
3.802964e+00
3.748920e+00
4
4.853966e+00
4.150609e+00
3.100303e+00
1.050948e+00
3.000000e+00
3.950169e+00
3.850532e+00
4.050948e+00
2.550886e+00
3.151474e+00
2.150633e+00
4.849558e+00
4.506126e+00
4.149576e+00
4.950169e+00
4.696716e+00
3.598700e+00
2.498006e+00
2.459618e+00
2.945003e+00
2.752096e+00
3.454701e+00
4.445046e+00
2.848972e+00
5
4.301557e+00
3.150498e+00
5
3.999442e+00
3.552079e+00
4.049887e+00
4.197988e+00
3.798025e+00
4.098435e+00
3.452613e+00
4
4.553390e+00
4.099412e+00
4.049440e+00
2.094135e+00
4.698670e+00
3.112081e+00
4.300464e+00
3.549899e+00
3.200522e+00
3.848745e+00
3.950169e+00
4
4.848606e+00
3.499538e+00
2.906613e+00
3.645906e+00
3.748836e+00
5
3.545853e+00
4.354233e+00
1
4.697887e+00
3.996987e+00
4
3.441505e+00
4.200666e+00
4.951815e+00
3.097901e+00
4.600404e+00
2.497836e+00
4.799142e+00
3.956281e+00
2.755427e+00
4.151726e+00
2.801596e+00
4.050082e+00
5
3.549992e+00
2.897718e+00
3.447112e+00
3.650812e+00
2.802409e+00
3.101810e+00
3.850506e+00
3.500154e+00
1.945202e+00
4.753495e+00
4.247063e+00
3.497226e+00
2.745818e+00
3.254202e+00
4.249377e+00
3.250971e+00
4.852682e+00
4.548559e+00
4.500490e+00
3.996766e+00
4.449264e+00
4.047657e+00
4.052401e+00
4.049887e+00
3.546193e+00
3.152924e+00
4.101588e+00
3.398480e+00
2.803016e+00
3.897966e+00
5
4.949052e+00
5
4.199380e+00
1
3.700148e+00
4.949946e+00
5
3.359000e+00
3.502104e+00
1.643842e+00
1
3.801203e+00
4.250187e+00
3.653498e+00
4.099885e+00
3.951815e+00
4.100780e+00
3.993696e+00
4
3.949946e+00
4.049831e+00
3.797411e+00
3.504146e+00
4
3.496692e+00
4.495884e+00
4.396863e+00
1.497083e+00
4.602216e+00
2.111891e+00
4.850200e+00
4.200771e+00
4.649901e+00
1.400520e+00
4
3.997430e+00
3.148264e+00
4.395471e+00
2.654726e+00
4.005753e+00
4.202089e+00
4.050054e+00
3.952066e+00
4.200328e+00
3.802097e+00
4.703971e+00
3.952540e+00
1.904893e+00
3.699561e+00
4.101392e+00
2.850953e+00
4.347842e+00
2.998157e+00
3.799362e+00
3.399292e+00
4.851233e+00
3.751463e+00
4.402279e+00
4.350996e+00
1.445999e+00
3.696406e+00
2.750870e+00
4.148962e+00
4.950169e+00
3.098994e+00
3.746627e+00
4.049887e+00
5
5
5
3.250691e+00
4.551544e+00
4.899948e+00
4.852181e+00
4.797439e+00
3.053458e+00
4.750232e+00
3.002650e+00
2.547805e+00
3.898412e+00
3.702492e+00
4.555761e+00
3.999471e+00
4.600598e+00
3.949052e+00
1.553555e+00
1
4.550625e+00
5
4.551238e+00
1.051059e+00
4.351080e+00
4.652773e+00
4.149939e+00
3.148291e+00
4.049496e+00
2.600204e+00
2.447505e+00
4.395329e+00
4.253734e+00
3.804835e+00
3.194603e+00
4.947599e+00
3.899306e+00
4.242626e+00
4.797437e+00
4.799421e+00
3.407689e+00
3.495746e+00
2.847296e+00
3.604811e+00
4.300914e+00
4.050082e+00
3.700176e+00
2.251671e+00
1.958358e+00
4.295165e+00
3.947357e+00
1.851707e+00
2.848582e+00
4.050223e+00
4.298906e+00
1.650316e+00
2.856618e+00
4.050612e+00
4.603445e+00
4.647691e+00
5
5
3.654223e+00
3.754498e+00
3.795515e+00
3.397782e+00
1.198682e+00
4
4.048185e+00
4.050054e+00
1
4.247063e+00
4.402470e+00
1.048352e+00
3.392871e+00
3.049440e+00
5
3.050054e+00
4.250885e+00
2.991824e+00
4.101867e+00
4.850758e+00
5
1.203790e+00
3.097907e+00
2.802600e+00
3.855867e+00
2.797607e+00
4.653804e+00
4.700929e+00
4.050249e+00
4.051059e+00
4.249099e+00
3.502745e+00
5
2.249071e+00
4.901118e+00
4.751570e+00
3.347508e+00
4
2.745264e+00
3.346698e+00
4.097626e+00
4
5
3.700620e+00
3.404371e+00
3.150581e+00
4.549261e+00
4.146480e+00
2.946203e+00
4.949751e+00
2.706235e+00
3.699169e+00
3.347335e+00
2.653078e+00
3.654028e+00
3.646070e+00
4.704167e+00
1
3.300106e+00
5
2.743755e+00
3.202174e+00
1.149380e+00
4.902152e+00
1.049803e+00
2.740969e+00
5
4.250996e+00
4
4.301441e+00
2.499793e+00
4.099857e+00
3.342957e+00
3.895845e+00
3.893752e+00
3.950867e+00
3.849108e+00
3.396190e+00
4.349236e+00
4.055275e+00
3.750370e+00
4.096456e+00
1
2.600820e+00
2.009415e+00
4.296643e+00
1
4.104659e+00
2.401693e+00
3.648892e+00
4.353343e+00
5
4.795706e+00
4.351555e+00
2.904548e+00
4.098183e+00
2.155071e+00
3.052706e+00
1.454757e+00
2.706703e+00
5
3.097487e+00
3.799337e+00
3.651458e+00
4.555706e+00
4.698168e+00
3.951342e+00
2.601070e+00
4.247536e+00
4.949052e+00
4.749004e+00
1.950592e+00
4.851176e+00
4.699339e+00
1.703939e+00
4.497366e+00
4.002067e+00
4.148936e+00
4.900422e+00
5
4.399153e+00
4.951648e+00
4.246421e+00
4.155941e+00
5
3.951870e+00
2.750621e+00
3.950197e+00
4
3.549792e+00
4.098741e+00
3.199883e+00
2.653946e+00
4.504452e+00
4.097542e+00
4.700399e+00
3.954747e+00
4.398284e+00
3.951815e+00
3.596828e+00
4.850061e+00
3.898524e+00
2.949360e+00
4.300687e+00
4.949946e+00
4.303481e+00
1.899808e+00
4.300049e+00
4.098434e+00
4.303983e+00
4.551658e+00
1.596995e+00
4.799978e+00
1.299852e+00
4.052401e+00
3.702605e+00
4.248739e+00
4.753914e+00
4.204908e+00
2.900570e+00
4.200579e+00
4.852655e+00
5
5
2.555678e+00
2.751209e+00
3.549707e+00
4.602216e+00
5
4.249209e+00
3.902207e+00
4.798360e+00
3.747605e+00
4.100694e+00
1.843701e+00
4.352500e+00
4
2.646297e+00
3.746435e+00
5
4.000167e+00
4.249879e+00
3.905080e+00
3.751183e+00
3.952066e+00
4.600236e+00
5
3.748918e+00
5
3.845961e+00
4.248039e+00
3.202675e+00
5
5
1.506935e+00
5
4.102232e+00
4.050249e+00
3.253455e+00
4.604477e+00
4.749279e+00
3.046595e+00
3.199409e+00
3.754472e+00
2.056511e+00
3.053209e+00
3.652437e+00
4.751209e+00
4.644790e+00
4.651990e+00
3.902931e+00
3.450660e+00
4
3.051648e+00
4.051143e+00
2.848082e+00
4.949220e+00
4.650653e+00
4.900588e+00
2.247871e+00
2.997402e+00
4.149215e+00
4.298294e+00
3.442844e+00
2.298124e+00
1.448339e+00
4.548785e+00
3.790927e+00
3.495127e+00
5
3.345804e+00
4.700424e+00
2.902175e+00
5
3.344939e+00
4.697271e+00
3.752468e+00
3.100251e+00
4.058008e+00
4.952066e+00
4.353649e+00
5
2.799392e+00
4
2.798386e+00
4.447477e+00
3.549819e+00
5
4.700456e+00
5
4.297756e+00
3.791710e+00
4.097625e+00
4.100416e+00
3.396586e+00
4.196898e+00
4.800312e+00
4.702800e+00
4.047934e+00
3.497278e+00
4.795818e+00
5
1.897042e+00
4.098602e+00
3.950197e+00
2.399707e+00
1.750229e+00
4.652410e+00
3.143489e+00
4.002598e+00
3.603305e+00
4.304318e+00
2.648454e+00
4.798555e+00
4.001229e+00
3.796966e+00
3.948081e+00
3.951983e+00
3.848189e+00
1
3.298093e+00
3.554172e+00
4.395885e+00
4.900367e+00
4.200858e+00
4.399041e+00
5
4.653555e+00
4
4.903713e+00
1.944614e+00
3.905502e+00
1.395748e+00
4.949360e+00
4.150086e+00
4.450633e+00
3.649259e+00
4.301697e+00
4.495884e+00
4.600461e+00
3.447030e+00
1.100108e+00
5
4.399793e+00
5
5
4.750759e+00
1.249712e+00
3.451466e+00
4.400939e+00
4.950560e+00
4.950169e+00
4.155186e+00
3.400297e+00
4.949751e+00
4.899892e+00
4.300551e+00
4.547110e+00
4.696880e+00
4.601797e+00
4
3.855251e+00
3.246224e+00
3.703580e+00
4.849447e+00
4.193461e+00
2.949388e+00
3.553111e+00
4.448456e+00
4.049831e+00
3.402754e+00
1.050948e+00
4.404035e+00
4.201305e+00
4.195809e+00
3.448009e+00
4.353537e+00
3.450265e+00
1.203790e+00
4.254320e+00
3.597362e+00
3.950644e+00
4.298401e+00
5
4.547977e+00
4.596995e+00
3.901064e+00
3.496272e+00
5
4.699143e+00
4.098965e+00
3.498953e+00
4.949918e+00
3.949220e+00
4.044781e+00
2.793781e+00
3.698640e+00
4
2.247595e+00
3.548143e+00
4.098799e+00
4.603669e+00
3.698615e+00
4.208561e+00
4.799167e+00
4.504367e+00
3.798474e+00
4
4.549149e+00
2.800452e+00
1.553139e+00
3.050417e+00
2.853103e+00
3.850508e+00
4.900115e+00
4.252674e+00
4.146846e+00
1.096705e+00
4.849670e+00
4.547416e+00
4.047739e+00
4.549121e+00
3.447162e+00
3.151836e+00
3.747576e+00
4.748248e+00
4.549342e+00
3.501270e+00
5
3.000000e+00
3.754617e+00
3.850145e+00
3.394599e+00
5
4.251225e+00
4.001093e+00
3.847102e+00
4.050612e+00
2.801401e+00
4.697498e+00
1.897853e+00
4.900115e+00
2.449903e+00
3.000000e+00
4.098044e+00
4.597474e+00
3.000000e+00
1.558362e+00
4.952066e+00
2.853828e+00
4.100722e+00
4.051871e+00
5
4.348956e+00
3.198821e+00
3.249681e+00
1.801904e+00
2.400716e+00
3.345606e+00
3.896540e+00
2.643530e+00
4.698557e+00
4.349239e+00
2.064430e+00
4.950113e+00
3.250736e+00
5
3.398229e+00
2.998828e+00
4.247201e+00
3.154041e+00
3.161130e+00
4.852125e+00
4
3.949220e+00
4.948941e+00
2.995226e+00
3.856423e+00
4.799421e+00
4.052401e+00
4.303872e+00
5
4.049887e+00
4.949388e+00
2.449095e+00
4.149715e+00
3.850562e+00
2.202731e+00
4.494654e+00
4.650208e+00
3.088687e+00
4.748837e+00
4.248680e+00
4.151283e+00
3.654418e+00
4.702688e+00
5
5
3.753188e+00
4.748222e+00
4.452194e+00
3.903150e+00
3.656735e+00
3.400128e+00
5
4.853632e+00
4.948941e+00
2.505904e+00
3.246953e+00
3.100946e+00
4.546271e+00
4.597167e+00
4.551879e+00
3.846845e+00
4.397198e+00
3.402168e+00
4.393989e+00
4.753244e+00
3.748138e+00
4.747887e+00
3.350938e+00
3.649231e+00
2.895980e+00
3.202059e+00
4.903880e+00
3.095813e+00
3.748330e+00
4.449263e+00
4.447114e+00
5
4.502860e+00
4.394632e+00
3.854917e+00
4.899501e+00
4.049496e+00
4.197482e+00
3.697971e+00
3.247703e+00
2.796325e+00
4.049831e+00
4.443568e+00
2.694004e+00
4.150637e+00
4.451553e+00
4.949946e+00
4.301138e+00
3.899473e+00
4.650650e+00
3.250663e+00
4.549930e+00
4.497530e+00
3.800452e+00
3.199491e+00
1.298345e+00
4.849894e+00
3.000000e+00
2.005689e+00
3.854753e+00
2.645065e+00
3.198599e+00
4.250017e+00
3.499204e+00
3.654979e+00
4.899892e+00
3.349376e+00
1.049356e+00
3.098374e+00
3.461290e+00
3.956007e+00
4.445970e+00
4.151366e+00
4.752797e+00
4.347758e+00
2.898999e+00
3.901426e+00
1.948629e+00
3.000000e+00
4.000977e+00
4.351830e+00
3.950171e+00
3.551885e+00
4
3.895840e+00
4.049356e+00
3.000000e+00
3.097542e+00
4.351978e+00
2.738178e+00
4.950169e+00
4.949360e+00
4.649397e+00
2.654475e+00
3.304708e+00
3.100499e+00
3.448929e+00
2.694399e+00
4.395941e+00
4.549396e+00
2.799309e+00
2.639038e+00
3.950950e+00
4.950197e+00
4.405739e+00
2.251080e+00
4.599704e+00
4.595878e+00
1.999472e+00
4.298959e+00
3.901845e+00
4.293682e+00
1.700483e+00
4.152981e+00
2.847885e+00
4.347120e+00
3.950197e+00
4.302028e+00
4.495270e+00
5
4
4.595741e+00
4.346028e+00
3.705336e+00
3.899110e+00
3.247338e+00
4.295275e+00
4.798025e+00
3.200135e+00
2.301611e+00
5
4.347116e+00
4
3.857346e+00
2.052660e+00
4.300806e+00
3.901592e+00
4.408418e+00
3.747768e+00
4.199465e+00
1.148015e+00
3.649589e+00
4.400885e+00
5
4.052677e+00
3.054405e+00
4.751487e+00
3.396749e+00
3.899892e+00
3.349598e+00
5
4.652467e+00
3.000056e+00
2.250829e+00
4.001703e+00
3.351554e+00
4
4.900115e+00
3.851037e+00
3.193325e+00
4.600096e+00
2.849495e+00
4.500602e+00
2.841438e+00
4.000366e+00
4.152844e+00
3.698112e+00
4.251531e+00
3.999331e+00
5
3.999390e+00
5
4.351079e+00
4.902012e+00
3.907203e+00
4.899557e+00
2.900255e+00
4.200049e+00
3.850923e+00
4.151837e+00
4.348816e+00
5
2.650373e+00
4.151893e+00
4.700875e+00
3.452419e+00
3.602213e+00
3.402670e+00
2.996650e+00
3.144830e+00
3.349850e+00
4.798387e+00
3.088275e+00
4
2.946761e+00
4
4.599592e+00
3.398063e+00
3.746517e+00
4.400271e+00
4.055527e+00
4.200468e+00
3.500768e+00
1.498370e+00
1.741107e+00
3.295436e+00
4.694315e+00
3.048352e+00
4.398452e+00
4.051672e+00
2.660370e+00
4.649510e+00
3.501936e+00
3.902682e+00
4.949360e+00
3.597163e+00
3.951508e+00
3.847184e+00
4.805948e+00
4.400185e+00
4.602524e+00
4.497055e+00
4.149911e+00
4.049803e+00
3.504090e+00
4.751264e+00
1.746296e+00
3.349964e+00
4.798272e+00
4.148628e+00
3.153738e+00
3.899278e+00
4.850927e+00
4.401386e+00
5
2.998883e+00
3.098016e+00
4.800927e+00
4.506739e+00
4.150583e+00
3.903993e+00
4.301835e+00
3.700425e+00
5
4.348511e+00
3.851958e+00
4.147345e+00
3.104659e+00
3.151335e+00
4.551074e+00
3.495994e+00
1.348650e+00
1.944722e+00
2.703079e+00
3.048352e+00
4.596941e+00
1.651850e+00
4.297789e+00
4.295722e+00
2.697913e+00
3.396921e+00
4.151391e+00
4.950197e+00
3.197510e+00
2.545379e+00
4.049496e+00
4.352473e+00
4.345075e+00
3.547471e+00
4.202450e+00
5
5
3.048352e+00
4.702688e+00
2.856987e+00
3.452273e+00
4
5
4.599116e+00
4.049496e+00
3.096652e+00
3.349070e+00
4.949946e+00
4.148768e+00
4.697578e+00
4.852097e+00
3.600878e+00
4.899222e+00
3.853607e+00
4.498979e+00
4.149548e+00
4.199185e+00
4.297370e+00
3.444430e+00
2.445830e+00
2.595662e+00
4.450713e+00
3.950169e+00
4.799114e+00
3.397672e+00
4.500794e+00
4.049691e+00
2.699813e+00
4
3.802572e+00
2.796599e+00
4.198683e+00
4.904131e+00
3.832975e+00
4
4.050362e+00
5
1
3.600180e+00
3.700792e+00
3.150609e+00
4.749283e+00
3.498254e+00
3.503253e+00
3.897377e+00
2.551131e+00
4.799699e+00
4.801764e+00
4.649985e+00
4.294937e+00
4.751738e+00
3.004410e+00
2.203952e+00
4.950169e+00
4.100026e+00
3.900981e+00
4.850927e+00
4.598447e+00
3.794674e+00
3.804305e+00
4.145225e+00
3.248373e+00
3.901118e+00
4.545268e+00
2.901175e+00
3.051532e+00
3.000000e+00
3.248153e+00
4.401354e+00
3.699564e+00
3.554261e+00
4.900757e+00
2.148824e+00
1.201556e+00
4.501885e+00
2.949360e+00
3.704058e+00
4.651686e+00
2.798747e+00
4.499623e+00
4.498119e+00
2.750643e+00
4.204433e+00
2.151332e+00
2.645347e+00
2.748863e+00
4.751682e+00
4.397900e+00
4.501494e+00
2.308729e+00
4
4.099080e+00
3.496218e+00
4.247763e+00
4.352837e+00
4.200805e+00
3.351610e+00
3.694981e+00
4.553976e+00
3.001423e+00
4.651740e+00
1.050948e+00
4.200189e+00
4.148238e+00
4.397089e+00
3.649841e+00
4.347284e+00
4.801152e+00
3.856983e+00
2.700565e+00
2.950530e+00
3.302811e+00
4.456290e+00
4.849419e+00
3.848359e+00
4
2.601459e+00
3.351801e+00
4.003988e+00
4.799644e+00
3.603779e+00
4.001558e+00
2.899669e+00
4.399963e+00
3.349597e+00
5
3.050612e+00
3.050082e+00
4.897993e+00
3.803913e+00
4.352865e+00
4.901398e+00
4.100947e+00
4.849419e+00
3.949751e+00
3.612151e+00
3.502473e+00
4.300407e+00
4.696435e+00
4.395774e+00
3.197761e+00
4
4.246617e+00
3.846709e+00
3.994915e+00
4.949360e+00
3.448453e+00
4.354093e+00
4.498899e+00
4.198627e+00
4.248372e+00
5
4.148490e+00
4.351275e+00
2.208793e+00
2.654387e+00
4.001201e+00
4.448313e+00
3.893249e+00
2.196252e+00
4.200831e+00
4.344884e+00
2.848829e+00
4.299656e+00
2.151984e+00
4.951815e+00
4.349350e+00
4.049496e+00
4.846458e+00
5
2.646415e+00
4.553557e+00
2.901289e+00
4.199155e+00
2.734744e+00
3.452301e+00
1.750395e+00
4.601910e+00
3.898971e+00
4.599316e+00
3.899445e+00
4.448537e+00
4.099550e+00
3.000509e+00
4.150497e+00
4.699031e+00
4.798472e+00
2.698419e+00
4.849977e+00
3.360454e+00
3.950169e+00
4.299125e+00
4.751710e+00
3.652102e+00
2.100757e+00
4.701823e+00
3.395715e+00
5
4.900060e+00
2.698050e+00
4.744870e+00
4.799840e+00
3.700846e+00
3.747439e+00
2.044641e+00
4.853240e+00
4.651518e+00
4.849698e+00
4.650849e+00
4.298260e+00
5
4.048185e+00
1.594261e+00
2.397729e+00
3.398568e+00
4.145560e+00
4.846290e+00
4.247899e+00
3.950060e+00
4.948941e+00
3.648784e+00
3.449210e+00
3.099857e+00
4.351416e+00
4.750287e+00
4.100695e+00
1.096705e+00
1.846709e+00
4
4.200132e+00
4.347618e+00
3.746685e+00
3.950113e+00
2.708105e+00
4.350605e+00
4.047519e+00
4.101197e+00
4.950169e+00
3.848438e+00
4.295718e+00
3.950034e+00
4.398538e+00
3.000000e+00
3.305270e+00
4
4.800789e+00
4.300020e+00
4.949388e+00
4.050278e+00
4.102538e+00
4.150470e+00
4.798499e+00
1.199018e+00
3.252422e+00
4.749591e+00
3.253874e+00
4.050054e+00
3.302643e+00
3.799452e+00
3.949918e+00
4.602300e+00
3.299716e+00
4.203597e+00
4.801263e+00
4.696325e+00
4.302111e+00
5
2.753275e+00
3.603026e+00
4.798835e+00
4.198322e+00
4.645767e+00
3.406601e+00
4.047934e+00
2.054660e+00
3.054939e+00
3.551773e+00
3.803277e+00
4.098575e+00
5
2
1
4.547024e+00
2.998629e+00
4.702324e+00
4.149438e+00
3.955698e+00
2.947713e+00
3.154853e+00
4.447336e+00
2.544962e+00
2.497346e+00
4
4.851485e+00
2.702489e+00
4.554310e+00
3.547919e+00
4.899529e+00
4.553866e+00
3.901174e+00
4.799086e+00
3.247922e+00
3.049887e+00
3.800452e+00
3.099299e+00
4.346528e+00
4.900311e+00
3.802767e+00
4.601239e+00
4.400967e+00
3.099246e+00
2.950113e+00
1.250467e+00
4.399206e+00
4.198906e+00
4.699701e+00
3.150358e+00
3.646326e+00
3.251720e+00
4.254822e+00
5
3.947599e+00
3.251441e+00
3.396059e+00
4
3.904492e+00
4.000586e+00
4.502722e+00
4.698555e+00
4.300074e+00
4.752771e+00
1.396527e+00
4.098183e+00
3.702439e+00
4.449567e+00
1.050612e+00
4.302422e+00
4.847995e+00
5
3.503588e+00
3.600651e+00
3.651602e+00
4.797269e+00
4.798583e+00
3.196530e+00
5
4.547894e+00
3.401359e+00
2.945088e+00
4.099412e+00
4.252501e+00
4.199686e+00
4.204850e+00
3.351387e+00
2.991008e+00
2.051699e+00
3.598779e+00
4.901984e+00
4.450013e+00
1.755949e+00
3.896626e+00
5
2.941824e+00
2.455485e+00
4.299657e+00
3.855173e+00
3.003181e+00
3.298932e+00
1.707404e+00
4.051452e+00
4.096120e+00
1.598698e+00
4.650932e+00
4.949360e+00
2.442927e+00
2.947958e+00
4.098352e+00
3.341337e+00
4.049078e+00
2.350909e+00
2.947463e+00
4.297395e+00
4.201756e+00
4.248374e+00
5
3.898971e+00
5
2.853128e+00
4.697749e+00
4.054465e+00
3.142994e+00
4
4.002598e+00
3.552525e+00
5
4.247233e+00
4.302449e+00
4.198487e+00
4
5
4.502721e+00
4.343737e+00
3.349543e+00
3.098547e+00
4.900087e+00
3.950481e+00
3.798077e+00
4.850534e+00
4.902235e+00
2.646044e+00
4.147205e+00
4.497756e+00
5
3.899724e+00
1.702297e+00
4.801345e+00
3.243937e+00
4.547446e+00
4.749562e+00
4.348901e+00
3.748389e+00
5
3.640881e+00
2.604535e+00
3.951590e+00
3.848330e+00
4.349627e+00
4.900115e+00
1.154296e+00
4.650040e+00
4.352001e+00
3.945620e+00
3.092792e+00
2.746743e+00
3.901092e+00
4
2.800115e+00
3.700595e+00
4.848945e+00
2.101199e+00
3.050054e+00
4.001144e+00
4
4.949946e+00
2.495440e+00
3.998576e+00
4.801708e+00
3.596577e+00
2.544347e+00
4.754389e+00
2.250495e+00
3.445604e+00
5
4.649369e+00
4.648557e+00
4
4.498031e+00
3.800400e+00
4.050054e+00
4.801873e+00
4.698866e+00
5
4.949220e+00
4.144754e+00
4.950560e+00
3.498789e+00
4.702354e+00
1.402140e+00
4.208701e+00
3.852377e+00
4.699113e+00
4.900588e+00
4.151809e+00
2.493826e+00
3.899529e+00
4
4.150836e+00
4
3.902319e+00
3.599284e+00
2.443682e+00
3.799170e+00
3.394939e+00
5
1.453170e+00
4.752157e+00
4.948941e+00
3.752797e+00
2.800476e+00
5
4.899166e+00
4.050249e+00
4
5
4.197566e+00
5
5
2.644953e+00
4.949751e+00
4.047986e+00
4.051673e+00
2.847714e+00
3.255379e+00
4
4
4.248318e+00
3.299043e+00
1.999741e+00
4.600344e+00
3.998104e+00
4.153089e+00
4.094559e+00
5
3.501243e+00
3.503921e+00
4.750260e+00
2.852687e+00
3.096426e+00
3.304151e+00
2.304095e+00
4.203649e+00
4.549620e+00
4.898161e+00
4.345947e+00
4.549538e+00
4.505261e+00
3.654923e+00
2.205654e+00
3.095949e+00
3.448981e+00
3.752239e+00
4.949052e+00
4.949052e+00
4.400772e+00
5
4.153263e+00
4.347924e+00
4.045893e+00
5
2.205854e+00
1.150190e+00
4.949360e+00
2.649706e+00
4.203149e+00
4
5
2.899864e+00
2.203599e+00
3.200914e+00
4
2.400184e+00
1.151195e+00
4.151223e+00
1.502496e+00
4.397892e+00
4.749646e+00
3.949946e+00
2.953126e+00
4.901204e+00
2.590796e+00
4.352835e+00
3.803885e+00
3.402445e+00
5
4.000810e+00
3.851569e+00
4.598365e+00
3.596857e+00
1.549176e+00
3.950113e+00
5
4.448177e+00
4.152007e+00
2.153178e+00
4.949946e+00
4.352893e+00
3.349879e+00
4.343181e+00
1.697136e+00
2.748777e+00
5
3.098936e+00
4.649397e+00
3.848553e+00
3.451242e+00
3.898917e+00
4.749616e+00
3.850201e+00
3.646242e+00
5
3.503529e+00
5
4.151447e+00
4.749225e+00
1
4.398705e+00
4.197789e+00
3.247590e+00
4.152371e+00
2.647720e+00
4.848973e+00
4.301469e+00
4.154682e+00
4.703164e+00
3.701185e+00
1.897998e+00
4.001171e+00
4.847714e+00
5
4.850953e+00
1.699001e+00
3.851679e+00
1
4.294551e+00
5
4.547667e+00
3.802293e+00
1.049803e+00
4.249881e+00
4.848190e+00
3.950169e+00
1.197425e+00
3.297088e+00
3.687863e+00
3.596524e+00
4.151028e+00
4.050249e+00
3.044921e+00
4.600511e+00
4.148070e+00
2.248681e+00
3.502613e+00
4.900673e+00
4.399624e+00
4
4.198711e+00
3.359953e+00
2.551015e+00
1.951370e+00
4.701907e+00
4.205048e+00
2.949946e+00
4.146732e+00
3.497842e+00
3.699309e+00
4.795790e+00
4
3.846938e+00
4.248740e+00
4.603111e+00
4.248653e+00
4.049356e+00
3.949250e+00
4.649283e+00
4
3.851678e+00
2.449039e+00
4.254600e+00
4.702465e+00
4.449065e+00
4.747691e+00
4.250410e+00
4.202870e+00
4.498871e+00
4.449905e+00
4.949052e+00
3.651211e+00
3.949946e+00
4.797856e+00
1.740381e+00
3.947599e+00
4.249574e+00
3.804612e+00
3.903545e+00
3.400940e+00
3.601351e+00
4.352001e+00
3.953880e+00
3.848943e+00
4.350550e+00
4.247089e+00
3.649147e+00
2.852433e+00
3.500293e+00
4.645880e+00
4.251192e+00
4.046311e+00
2.005465e+00
5
4.253316e+00
4.848526e+00
5
2.897218e+00
1.802991e+00
4.396528e+00
4.253232e+00
3.049551e+00
4.494376e+00
4.546857e+00
3.598367e+00
4.350940e+00
3.753465e+00
4.204239e+00
3.852350e+00
3.252004e+00
4.299768e+00
3.746350e+00
2.249630e+00
4.650985e+00
1
3.999803e+00
4.050192e+00
2.450266e+00
4.048881e+00
5
3.499174e+00
4.050082e+00
4.502052e+00
4.646688e+00
3.050445e+00
4.349682e+00
5
3.648864e+00
3.606519e+00
3.148182e+00
4.650373e+00
3.848467e+00
5
4.901286e+00
5
3.752851e+00
1.648613e+00
3.449122e+00
4
3.894865e+00
4.204292e+00
3.391586e+00
2.948941e+00
3.848637e+00
4.898300e+00
2.456300e+00
3.201473e+00
3.505646e+00
4.846709e+00
3.199214e+00
1.554143e+00
4.203708e+00
2.045273e+00
3.151333e+00
4.097291e+00
2.949220e+00
3.700315e+00
4.848609e+00
2.802711e+00
1.901455e+00
5
1.802631e+00
3.552943e+00
3.506573e+00
2.448928e+00
4.499454e+00
5
3.655453e+00
3.200747e+00
4.650541e+00
4.398033e+00
4.251531e+00
3.701406e+00
4.548755e+00
4.451356e+00
3.949918e+00
2.851285e+00
4.147819e+00
2.949414e+00
3.553784e+00
5
4.500073e+00
2.192373e+00
3.949052e+00
3.248849e+00
4.354149e+00
2.150003e+00
4.451799e+00
4.401248e+00
3.298652e+00
4.451327e+00
4.598840e+00
1.840208e+00
4.253064e+00
3.399961e+00
3.203513e+00
2.755258e+00
3.949946e+00
3.449460e+00
4.902207e+00
4.349909e+00
3.949052e+00
4
3.947152e+00
3.747386e+00
3.301302e+00
3.801037e+00
4.204462e+00
1.395975e+00
5
2.303989e+00
3.649676e+00
1.547360e+00
4.504787e+00
3.800787e+00
3.249298e+00
5
1.796992e+00
4.000053e+00
4.299209e+00
3.050311e+00
3.900115e+00
5
4.199937e+00
3.650428e+00
4.949388e+00
4.950197e+00
3.843690e+00
3.548114e+00
4
4.749841e+00
4.097848e+00
2.999078e+00
4.899246e+00
3.706175e+00
4.502051e+00
4.096788e+00
4.201473e+00
3.195639e+00
2.346615e+00
3.443764e+00
4
2.555766e+00
4.153291e+00
5
3.205271e+00
3.894226e+00
3.051310e+00
5
4.198515e+00
5
1.747996e+00
4.253066e+00
4.899110e+00
3.198682e+00
2.847323e+00
3.353926e+00
3.950197e+00
3.051865e+00
5
3.256660e+00
4.049356e+00
3.702466e+00
3.345583e+00
4.650622e+00
3.905331e+00
3.143799e+00
3.250667e+00
3.051031e+00
3.405153e+00
3.200468e+00
4.197399e+00
2.445073e+00
4.301553e+00
1.098994e+00
5
4.203206e+00
3.749311e+00
4.248625e+00
3.246839e+00
3.698695e+00
1.605620e+00
3.997655e+00
4.098017e+00
2.853741e+00
5
4.251277e+00
4.249602e+00
5
4.699815e+00
2.406136e+00
1.304540e+00
4.049691e+00
2.698778e+00
4.508637e+00
3.296754e+00
4.202480e+00
5
2.240391e+00
5
4.049831e+00
4.900618e+00
5
5
4
4.048884e+00
4.400354e+00
4.248292e+00
4.699981e+00
4.800482e+00
1.800175e+00
4.701042e+00
4
5
3.596276e+00
3.902235e+00
4.798500e+00
4.901761e+00
4.849335e+00
2.601965e+00
3.898103e+00
4.949388e+00
4.248429e+00
4.151083e+00
2.401300e+00
3.851400e+00
3.045762e+00
1.101309e+00
3.453139e+00
5
1.647161e+00
2.800927e+00
1.050082e+00
2.290696e+00
4.201326e+00
3.447725e+00
3.695038e+00
4.850089e+00
4.297143e+00
3.203876e+00
4.751878e+00
3.200300e+00
1
4.651351e+00
4.900588e+00
3.444321e+00
4.049663e+00
3.703413e+00
3.849363e+00
4.597083e+00
4.702633e+00
2.952989e+00
2.150080e+00
1.299040e+00
3.798192e+00
4.904131e+00
1.649508e+00
3.798276e+00
4.297285e+00
3.949751e+00
3.499817e+00
4.550290e+00
4.102790e+00
5
3.997550e+00
4.450293e+00
5
5
4
2.350044e+00
4.151616e+00
4.247094e+00
3.193881e+00
4.647049e+00
3.949360e+00
4.049440e+00
2.950197e+00
1.957508e+00
4.200943e+00
4.500684e+00
3.607045e+00
3.543347e+00
2.899862e+00
4.001787e+00
2.902095e+00
5
5
3.295249e+00
4.597865e+00
4.652661e+00
4.301054e+00
4.949388e+00
4.499515e+00
2.703724e+00
3.248798e+00
3.905838e+00
4.752433e+00
3.899529e+00
3.205183e+00
2.050165e+00
3.494627e+00
3.250247e+00
4.195919e+00
4
5
3.798863e+00
5
4.949052e+00
3.549177e+00
1.952038e+00
3.496552e+00
4.399346e+00
4.649284e+00
4.000894e+00
3.898550e+00
4.300271e+00
4.048158e+00
3.900450e+00
5
4.703971e+00
4.950113e+00
2.800979e+00
4.345637e+00
4.004467e+00
4.050082e+00
4.498703e+00
4.297842e+00
4.599562e+00
2.805563e+00
2.993830e+00
3.350211e+00
3.648308e+00
2.793031e+00
3.450743e+00
3.500351e+00
4.496134e+00
4
4.447838e+00
3.347451e+00
3.306217e+00
4.603639e+00
4
4.597892e+00
4.493873e+00
3.702605e+00
4.002294e+00
2.947629e+00
4.851539e+00
3.502467e+00
4.250216e+00
5
4.850033e+00
4.595852e+00
3.006420e+00
4.505706e+00
4.351359e+00
2.795845e+00
4.900255e+00
1.050054e+00
1.452497e+00
5
4.646549e+00
2.299406e+00
2.153986e+00
3.903044e+00
3.850900e+00
4.898159e+00
1.950169e+00
1.595321e+00
3.751429e+00
4.403310e+00
5
4.348454e+00
1.898887e+00
5
2.200717e+00
4.948941e+00
3.849444e+00
4.350103e+00
3.797017e+00
2.096507e+00
3.903462e+00
4.799784e+00
4.245249e+00
3.950169e+00
4.500183e+00
3.410844e+00
3.351862e+00
2.149939e+00
4.902179e+00
3.348429e+00
4.346390e+00
1.946764e+00
3.648559e+00
2.389580e+00
2.449878e+00
3.753363e+00
4.948941e+00
2.548726e+00
3.247090e+00
4.300022e+00
3.403423e+00
4.347678e+00
4.247201e+00
3.853017e+00
4.801345e+00
3.049356e+00
5
1.546270e+00
4.900339e+00
1.997880e+00
1.050054e+00
3.150944e+00
2.946317e+00
3.352951e+00
4.900729e+00
4.950113e+00
4.499064e+00
4.748919e+00
5
4
4.845480e+00
3.650262e+00
4.100443e+00
3.995367e+00
5
2.393681e+00
5
5
3.298428e+00
4.399487e+00
4.801676e+00
2.698417e+00
4.046036e+00
4.453729e+00
4.848163e+00
2.445854e+00
2.050082e+00
1
3.553446e+00
4.950113e+00
3.148852e+00
4.350993e+00
4.846597e+00
3.152489e+00
3.908934e+00
2.494656e+00
3.454651e+00
1.302589e+00
3.150692e+00
5
3.800982e+00
4
3.796546e+00
3.804191e+00
5
4.850592e+00
1.947347e+00
4.746740e+00
5
2.254905e+00
3.649700e+00
4.350635e+00
4.051310e+00
4.045645e+00
4.354702e+00
3.204240e+00
4.802240e+00
4.302730e+00
3.351387e+00
3.154073e+00
3.949723e+00
3.548227e+00
2.590687e+00
4.602105e+00
3.600459e+00
3.153682e+00
3.850563e+00
1.647245e+00
3.900175e+00
1.799782e+00
4.049747e+00
4.746154e+00
3.397198e+00
4.951648e+00
4.298872e+00
3.949806e+00
4
4.347423e+00
3.200356e+00
5
4.851846e+00
4.750622e+00
4.899222e+00
4.650794e+00
4.750426e+00
1.550349e+00
4.051059e+00
3.651963e+00
4.538590e+00
4.848917e+00
3.500633e+00
4.140813e+00
4.495321e+00
3.897712e+00
4.597442e+00
4.251528e+00
4.098882e+00
4.404371e+00
4.352306e+00
3.896318e+00
4.641380e+00
3.149243e+00
3.546356e+00
3.348567e+00
4.501131e+00
3.996093e+00
3.748640e+00
4.402165e+00
1.462247e+00
4.149687e+00
4.397421e+00
4.048100e+00
4.252864e+00
4.500185e+00
3.602134e+00
4.602385e+00
4.201250e+00
2.397866e+00
5
4.799642e+00
4.745036e+00
4.147902e+00
4.900115e+00
4.251004e+00
2.856009e+00
4.052956e+00
1.554894e+00
4.499427e+00
4.145530e+00
4.147149e+00
4
3.902763e+00
3.000000e+00
3.805142e+00
4.754472e+00
4.251778e+00
4.751794e+00
4.151474e+00
4.301468e+00
3.997099e+00
4.049496e+00
4.500236e+00
3.503252e+00
4.647667e+00
4.152396e+00
4.350186e+00
1.344662e+00
2.995644e+00
4.549733e+00
3.549983e+00
3.000000e+00
3.850199e+00
3.651853e+00
3.198347e+00
4.349737e+00
4.449543e+00
4.150916e+00
3.796292e+00
3.201283e+00
2.598726e+00
5
4.696547e+00
3.851037e+00
3.848692e+00
4.002064e+00
2.654196e+00
4.799811e+00
4.452332e+00
4.500435e+00
1.946821e+00
4.148070e+00
4.850674e+00
4.949052e+00
4.851707e+00
3.297702e+00
4.801848e+00
3.547862e+00
3.948660e+00
4.852348e+00
4.695991e+00
4.450017e+00
3.850787e+00
4.848330e+00
3.996123e+00
4.948941e+00
2.301665e+00
2.701739e+00
4.098912e+00
4.948941e+00
2.049300e+00
5
2.792721e+00
3.851791e+00
5
4.849084e+00
4.446307e+00
2.748084e+00
3.849922e+00
4.902012e+00
3.902709e+00
4.950169e+00
2.002430e+00
3.704644e+00
4.656148e+00
4.354372e+00
4.351471e+00
4.801708e+00
3.105582e+00
4.098997e+00
4.450296e+00
5
1.548311e+00
4.048744e+00
2.951228e+00
4.195669e+00
3.602020e+00
4.599845e+00
2.696099e+00
4.497501e+00
4.751319e+00
2.949751e+00
4.447587e+00
3.698807e+00
5
4.651545e+00
4.798667e+00
5
2.950421e+00
3.546772e+00
3.851929e+00
4.100611e+00
3.751374e+00
4.099412e+00
5
4.400155e+00
3.902458e+00
5
3.750873e+00
4.504257e+00
1.301329e+00
4.350213e+00
3.847404e+00
5
4.949751e+00
3.950113e+00
3.900115e+00
3.001391e+00
3.947934e+00
4.198599e+00
4.699899e+00
1.498753e+00
4.249099e+00
4.949946e+00
3.751068e+00
4.898440e+00
3.448759e+00
3.699424e+00
2.195084e+00
2.653334e+00
4.251391e+00
3.000000e+00
4.701486e+00
4.343181e+00
4.950197e+00
4.098183e+00
4.600094e+00
4.098348e+00
5
4
3.045308e+00
1.397195e+00
5
3.849947e+00
4.152843e+00
4.304402e+00
2.748278e+00
1.351104e+00
3.250216e+00
4.406796e+00
2.693951e+00
2.902067e+00
3.606041e+00
4.394629e+00
3.099328e+00
3.798360e+00
4.653666e+00
5
4.751567e+00
4.447170e+00
4.546245e+00
4.099412e+00
3.298011e+00
4.300381e+00
4.297338e+00
4.097375e+00
5
4.697217e+00
3.699001e+00
4.801066e+00
4.798527e+00
4
3.043106e+00
4.750063e+00
3.000000e+00
4.301162e+00
4.100415e+00
3.797606e+00
2.396054e+00
4.600985e+00
3.999554e+00
4.651822e+00
4.049496e+00
1.853884e+00
4.154407e+00
2.601235e+00
2.850758e+00
4.145476e+00
4.498585e+00
3.748418e+00
5
4.048102e+00
4.099132e+00
4.103986e+00
3.350829e+00
4
2
3.401242e+00
4.149857e+00
3.050780e+00
4.052401e+00
2.547974e+00
4.899306e+00
4.349180e+00
4.150721e+00
4.447279e+00
3.285417e+00
3.704809e+00
2.342317e+00
3.048298e+00
4.598893e+00
4.248154e+00
2.804216e+00
2.753802e+00
3.354120e+00
1.351219e+00
3.150553e+00
4.798332e+00
2.899445e+00
4.849168e+00
4.098684e+00
4.152401e+00
3.899892e+00
3.801290e+00
4.952066e+00
3.559416e+00
3.700846e+00
5
3.000000e+00
4.000000e+00
3.302951e+00
4.103013e+00
3.401553e+00
4.846988e+00
4.753383e+00
4.400743e+00
5
4.548034e+00
4.496886e+00
4.647776e+00
4.151864e+00
4.148601e+00
1.642451e+00
3.951508e+00
3.502806e+00
3.402301e+00
3.903070e+00
4.950113e+00
3.594598e+00
2.703111e+00
5
3.896037e+00
4.502080e+00
3.550710e+00
3.498591e+00
4.949220e+00
1.746671e+00
3.305940e+00
3.300470e+00
3.801374e+00
4.300717e+00
3.852348e+00
3.997824e+00
3.000000e+00
5
3.103565e+00
3.599618e+00
4.504172e+00
3.142882e+00
4.047739e+00
2.952038e+00
2.690882e+00
4.798695e+00
4.700176e+00
4.851344e+00
4.148266e+00
3.049135e+00
2.805617e+00
4.949052e+00
2.498142e+00
3.250274e+00
4.648002e+00
4.398762e+00
4.949751e+00
3.752772e+00
3.399346e+00
3.602130e+00
4.151586e+00
3.000000e+00
2.482707e+00
4
3.100754e+00
4.301692e+00
2.655257e+00
4.251220e+00
2.699728e+00
3.848805e+00
1.501353e+00
3.702464e+00
2.150665e+00
4.147595e+00
3.046595e+00
4.750817e+00
4.794308e+00
4.248208e+00
5
4.850759e+00
4.398815e+00
4.462712e+00
2.504535e+00
3.799811e+00
3.703522e+00
3.749897e+00
2.804779e+00
4.141037e+00
1.292628e+00
1.857480e+00
3.848414e+00
4.299070e+00
4.197929e+00
4
3.951228e+00
3.401802e+00
2.993185e+00
3.748557e+00
4.502052e+00
2.050282e+00
4.404287e+00
4.200246e+00
4.094414e+00
4.496441e+00
3.851790e+00
2.548979e+00
2.849082e+00
4.500378e+00
3.000000e+00
3.450015e+00
4.350607e+00
4
4.395966e+00
3.549873e+00
4.151391e+00
3.743758e+00
2.255767e+00
4.899054e+00
4.449903e+00
4.752909e+00
4.846011e+00
4.197679e+00
2.693254e+00
4.648198e+00
4.900729e+00
3.502998e+00
4.151196e+00
4
3.949388e+00
4
3.299072e+00
2.962954e+00
3.399932e+00
1.351276e+00
4.098798e+00
2.451576e+00
5
4.950113e+00
4.050612e+00
4.750537e+00
3.450267e+00
4.497868e+00
4.354064e+00
3.942551e+00
2.449624e+00
4.950169e+00
4.595154e+00
4.950169e+00
4.899696e+00
2.948439e+00
3.250273e+00
3.797328e+00
4.198461e+00
2.897012e+00
4.049887e+00
3.454647e+00
4.351579e+00
4.050054e+00
4.697578e+00
3.650007e+00
4
4.651379e+00
3.950113e+00
1.204237e+00
3.301078e+00
2.000726e+00
1.799110e+00
4.451830e+00
4.451101e+00
4.950113e+00
4.201588e+00
1
2.551494e+00
4.700567e+00
4.652354e+00
2.946790e+00
4.449208e+00
4.850871e+00
3.899473e+00
3.951815e+00
4.202509e+00
4.900450e+00
4.748194e+00
3.398683e+00
4.049356e+00
3.898775e+00
5
3.953992e+00
2.849727e+00
3.848526e+00
3.553893e+00
4.747496e+00
3.496189e+00
3.497476e+00
4.747217e+00
1.247900e+00
4.898300e+00
4.599842e+00
4.497111e+00
4.645881e+00
4.800397e+00
4.950169e+00
3.897993e+00
1.495796e+00
3.744452e+00
3.098377e+00
1
4.497362e+00
3.846853e+00
3.498259e+00
3.150944e+00
3.747969e+00
2.438914e+00
2.049556e+00
4
3.900534e+00
3.002874e+00
5
3.198711e+00
3.900115e+00
4.848749e+00
3.298847e+00
3.951815e+00
4.798859e+00
