2.219606e+00
4.394725e+00
2.966689e+00
3.814231e+00
1.427732e+00
3.278763e+00
3.628312e+00
3.567357e+00
3.306930e+00
4.019078e+00
3.301351e+00
3.882659e+00
2.943959e+00
3.042821e+00
4.285995e+00
3.207394e+00
3.607394e+00
3.928027e+00
3.592494e+00
2.607580e+00
3.559306e+00
4.419615e+00
4.322081e+00
4.100663e+00
4.777401e+00
2.902595e+00
3.171588e+00
2.624929e+00
4.617775e+00
4.139133e+00
4.331841e+00
4.281530e+00
2.993502e+00
3.446274e+00
4.478641e+00
4.527773e+00
3.880901e+00
3.984156e+00
3.424469e+00
4.211052e+00
2.753083e+00
4.567749e+00
4.530460e+00
3.269390e+00
2.934975e+00
3.527187e+00
3.526323e+00
2.053010e+00
1.247631e+00
3.910720e+00
2.816753e+00
3.673462e+00
4.377570e+00
4.541919e+00
4.516308e+00
4.352337e+00
2.353909e+00
4.470267e+00
2.971220e+00
4.359800e+00
4.166235e+00
3.499091e+00
4.133696e+00
4.097512e+00
3.176695e+00
2.854822e+00
3.459399e+00
3.790612e+00
4.583460e+00
3.551754e+00
3.905432e+00
2.881811e+00
3.574716e+00
4.133584e+00
4.734112e+00
3.420098e+00
4.038836e+00
4.347444e+00
4.500535e+00
3.787363e+00
3.440926e+00
4.314464e+00
3.564456e+00
4.370782e+00
3.662015e+00
3.508289e+00
3.803682e+00
4.464918e+00
4.190274e+00
3.423914e+00
2.787282e+00
3.162289e+00
4.392585e+00
2.882635e+00
4.855847e+00
4.026271e+00
3.118541e+00
4.400898e+00
4.609600e+00
4.069542e+00
1.533208e+00
2.346292e+00
4.434628e+00
4.480444e+00
4.205756e+00
3.714669e+00
3.341986e+00
3.898576e+00
4.423172e+00
3.628193e+00
4.529699e+00
4.262189e+00
3.564178e+00
3.919391e+00
3.255278e+00
4.112007e+00
1.322936e+00
2.999027e+00
4.380390e+00
4.356125e+00
2.541804e+00
3.765887e+00
2.893422e+00
3.745508e+00
3.025045e+00
3.844309e+00
2.969493e+00
3.595593e+00
3.290058e+00
4.520922e+00
4.069783e+00
3.676661e+00
4.398409e+00
3.742220e+00
3.949398e+00
3.376508e+00
4.241503e+00
4.038528e+00
2.167494e+00
4.217826e+00
3.007872e+00
4.651927e+00
4.581145e+00
4.395657e+00
3.632547e+00
3.099570e+00
3.329063e+00
4.161293e+00
3.795986e+00
4.568000e+00
4.710290e+00
3.190968e+00
4.263713e+00
3.861435e+00
4.524325e+00
2.301054e+00
4.040319e+00
3.613072e+00
3.826190e+00
3.573261e+00
4.150763e+00
2.801121e+00
3.827886e+00
4.442249e+00
4.223780e+00
3.726312e+00
3.297711e+00
3.631181e+00
4.523562e+00
3.488847e+00
4.264551e+00
3.412801e+00
1.281201e+00
3.731825e+00
3.623311e+00
2.639767e+00
4.433805e+00
3.925153e+00
3.381615e+00
3.642796e+00
4.505212e+00
4.814781e+00
3.813537e+00
3.672868e+00
3.459236e+00
3.849529e+00
2.167365e+00
4.245546e+00
2.714139e+00
2.924930e+00
4.373498e+00
4.587293e+00
3.506701e+00
3.040541e+00
3.985681e+00
3.321922e+00
4.690066e+00
4.370437e+00
3.541160e+00
4.636857e+00
2.778180e+00
1.592297e+00
1.588459e+00
4.695498e+00
4.806718e+00
3.682824e+00
3.681729e+00
3.417706e+00
1.792998e+00
2.079742e+00
4.765352e+00
4.004483e+00
3.149932e+00
4.486350e+00
3.280173e+00
2.982347e+00
4.204077e+00
2.937143e+00
4.662158e+00
4.559389e+00
3.504235e+00
3.935209e+00
4.242470e+00
4.488971e+00
3.580820e+00
4.858641e+00
3.253733e+00
4.912429e+00
3.493187e+00
4.515770e+00
4.418908e+00
2.235964e+00
4.145304e+00
3.666901e+00
3.260238e+00
3.835366e+00
2.509058e+00
4.281229e+00
3.408757e+00
4.873033e+00
3.151872e+00
4.284829e+00
4.706911e+00
3.158428e+00
3.982560e+00
3.215008e+00
3.648646e+00
4.710755e+00
4.477510e+00
3.189946e+00
4.043245e+00
4.345193e+00
4.153613e+00
4.725159e+00
2.607044e+00
3.660400e+00
4.651072e+00
3.939482e+00
4.320946e+00
3.784481e+00
3.715194e+00
4.036725e+00
2.469523e+00
4.245346e+00
4.342208e+00
3.762986e+00
3.581789e+00
4.020518e+00
3.994260e+00
2.983560e+00
4.071158e+00
4.588207e+00
4.083648e+00
3.857909e+00
3.389658e+00
2.732871e+00
3.108156e+00
3.402764e+00
4.849711e+00
4.557827e+00
3.885863e+00
4.260959e+00
4.532938e+00
2.984702e+00
3.167210e+00
3.935577e+00
4.196217e+00
3.546909e+00
3.683494e+00
4.820594e+00
3.369757e+00
4.241200e+00
4.813698e+00
2.138652e+00
4.343105e+00
3.547749e+00
3.379199e+00
3.907638e+00
3.457070e+00
2.398078e+00
3.732931e+00
4.584606e+00
4.132994e+00
3.860520e+00
4.303818e+00
2.670807e+00
1.266409e+00
4.031367e+00
2.858859e+00
3.846609e+00
2.932192e+00
4.780976e+00
2.212773e+00
4.549361e+00
3.209808e+00
4.325252e+00
3.182784e+00
4.079036e+00
3.028675e+00
2.737143e+00
2.127478e+00
4.465602e+00
3.746185e+00
4.140476e+00
4.183071e+00
4.168592e+00
3.856001e+00
3.856193e+00
1.798222e+00
2.786854e+00
3.379051e+00
3.027876e+00
3.418211e+00
4.144715e+00
4.080804e+00
4.316995e+00
3.243112e+00
4.810494e+00
4.298902e+00
4.858313e+00
4.828893e+00
2.597340e+00
3.711246e+00
4.528244e+00
2.975088e+00
3.753424e+00
4.045836e+00
2.536542e+00
4.226167e+00
4.541922e+00
4.875375e+00
4.054040e+00
4.106019e+00
2.772032e+00
3.982233e+00
4.638489e+00
3.443791e+00
4.688986e+00
3.701407e+00
2.993029e+00
4.295580e+00
4.714627e+00
3.980200e+00
4.560431e+00
2.470615e+00
3.752661e+00
3.506592e+00
4.497825e+00
4.254014e+00
3.382612e+00
3.617742e+00
3.180294e+00
4.404432e+00
3.469940e+00
3.193991e+00
2.983398e+00
2.124534e+00
4.661554e+00
2.173939e+00
3.364035e+00
4.248179e+00
4.183237e+00
4.299624e+00
3.507897e+00
4.714548e+00
4.198102e+00
1.121446e+00
4.445930e+00
3.252295e+00
2.490179e+00
2.476173e+00
3.066677e+00
4.136839e+00
3.175993e+00
4.335801e+00
4.153235e+00
4.501700e+00
3.196223e+00
2.611860e+00
1.644062e+00
4.254961e+00
4.576042e+00
3.635723e+00
4.828299e+00
3.944289e+00
4.119034e+00
3.271947e+00
2.856160e+00
4.156601e+00
3.435989e+00
3.727715e+00
3.729246e+00
3.606077e+00
3.663199e+00
3.914710e+00
3.586399e+00
3.253076e+00
4.015139e+00
3.724946e+00
3.894200e+00
4.379917e+00
4.286208e+00
2.750851e+00
2.779701e+00
4.058037e+00
4.156176e+00
4.083514e+00
2.375853e+00
3.367459e+00
4.131900e+00
3.760926e+00
4.363136e+00
4.226632e+00
3.469919e+00
4.136537e+00
4.676118e+00
4.333475e+00
4.895661e+00
3.577296e+00
4.226946e+00
4.344044e+00
2.801245e+00
3.728142e+00
2.593544e+00
2.769042e+00
3.637155e+00
3.044313e+00
3.902915e+00
4.275429e+00
3.871747e+00
2.827713e+00
4.534299e+00
3.178775e+00
1.538399e+00
3.010540e+00
2.717304e+00
3.785443e+00
4.617443e+00
3.073654e+00
4.124048e+00
4.308246e+00
4.408212e+00
3.979826e+00
3.792225e+00
2.376923e+00
2.684133e+00
4.799231e+00
3.396313e+00
4.195334e+00
3.902772e+00
4.747095e+00
4.592327e+00
2.423444e+00
2.915106e+00
4.242170e+00
4.113540e+00
3.620634e+00
4.101263e+00
3.819362e+00
4.435710e+00
3.781179e+00
4.764583e+00
3.093132e+00
4.482186e+00
4.643256e+00
4.369434e+00
4.633436e+00
3.737518e+00
4.177841e+00
3.797981e+00
4.065015e+00
4.332348e+00
4.785129e+00
4.332645e+00
4.297527e+00
3.303249e+00
3.884590e+00
3.518414e+00
3.300029e+00
3.804920e+00
3.433599e+00
2.145658e+00
3.931995e+00
3.530599e+00
3.741153e+00
4.242907e+00
3.573576e+00
4.133473e+00
3.721003e+00
3.139700e+00
3.959605e+00
3.483667e+00
4.100431e+00
4.624392e+00
4.918082e+00
4.574044e+00
4.330965e+00
3.746000e+00
3.272835e+00
3.830621e+00
2.978010e+00
3.913688e+00
3.519821e+00
3.270255e+00
3.840888e+00
1.313862e+00
4.910712e+00
4.160271e+00
4.707295e+00
4.068436e+00
4.431757e+00
4.151212e+00
2.396619e+00
4.536788e+00
2.560159e+00
4.236493e+00
3.590343e+00
3.122037e+00
4.002190e+00
3.817764e+00
4.731341e+00
4.174865e+00
4.161263e+00
3.868587e+00
4.268220e+00
4.498306e+00
4.132580e+00
3.375274e+00
3.186862e+00
4.291381e+00
2.461065e+00
2.695211e+00
3.200262e+00
3.983013e+00
3.498155e+00
3.255552e+00
3.347542e+00
2.846862e+00
4.192497e+00
4.004521e+00
3.774971e+00
3.909208e+00
4.008794e+00
3.213302e+00
3.067651e+00
2.878387e+00
2.982277e+00
3.679363e+00
3.380896e+00
3.448874e+00
4.100246e+00
3.812862e+00
3.986469e+00
4.102761e+00
3.918975e+00
2.475073e+00
4.091006e+00
2.308828e+00
3.334388e+00
4.253949e+00
3.988718e+00
4.928361e+00
3.328278e+00
2.107555e+00
3.182558e+00
4.816512e+00
3.313453e+00
4.144413e+00
4.686757e+00
4.071415e+00
4.612084e+00
3.567631e+00
3.904318e+00
2.944493e+00
3.055866e+00
3.210395e+00
1.028539e+00
3.723506e+00
2.783539e+00
3.368136e+00
3.814102e+00
3.082139e+00
4.751816e+00
2.705850e+00
4.781953e+00
4.044131e+00
4.287554e+00
4.677456e+00
3.285867e+00
3.940225e+00
4.382306e+00
3.733746e+00
4.312748e+00
3.528729e+00
3.926870e+00
4.840586e+00
4.423432e+00
4.165052e+00
3.711399e+00
3.256052e+00
3.981996e+00
2.892854e+00
3.743517e+00
3.274254e+00
2.352280e+00
2.819026e+00
3.992774e+00
4.521266e+00
3.918346e+00
3.647830e+00
2.013606e+00
2.730720e+00
4.220378e+00
3.341515e+00
4.077646e+00
2.964395e+00
3.536040e+00
3.511057e+00
3.547671e+00
3.606313e+00
4.703956e+00
3.934304e+00
3.698925e+00
4.241250e+00
4.170620e+00
3.307635e+00
4.113522e+00
3.591480e+00
4.030373e+00
4.020248e+00
3.907971e+00
3.688769e+00
3.984747e+00
4.135945e+00
4.135566e+00
4.385513e+00
4.286031e+00
3.797292e+00
3.938910e+00
3.754860e+00
4.410314e+00
4.472192e+00
3.349352e+00
3.590631e+00
2.338415e+00
3.685166e+00
4.051945e+00
4.460533e+00
3.446574e+00
3.449995e+00
3.979727e+00
3.428390e+00
4.379184e+00
4.710268e+00
2.774591e+00
4.212524e+00
4.565089e+00
4.554280e+00
2.918289e+00
4.536651e+00
3.285626e+00
3.294928e+00
3.012865e+00
4.039125e+00
4.957999e+00
2.995069e+00
3.263428e+00
3.807623e+00
2.151887e+00
4.859583e+00
2.102847e+00
4.848517e+00
3.591314e+00
1.826947e+00
2.924178e+00
4.171064e+00
3.753417e+00
4.093602e+00
3.969658e+00
4.288890e+00
2.309788e+00
3.345799e+00
4.558047e+00
3.753646e+00
4.191491e+00
4.436460e+00
3.680587e+00
4.233648e+00
3.419636e+00
3.815246e+00
3.639151e+00
4.466978e+00
4.153281e+00
3.234040e+00
2.986384e+00
3.296533e+00
4.217625e+00
4.252249e+00
3.903230e+00
4.758021e+00
4.664668e+00
4.089197e+00
4.027293e+00
4.134164e+00
4.106850e+00
3.979432e+00
4.618346e+00
4.619537e+00
3.453694e+00
4.596494e+00
4.592676e+00
4.430085e+00
3.543626e+00
1.914413e+00
4.127299e+00
3.856099e+00
4.933288e+00
4.083651e+00
4.130947e+00
3.749895e+00
1.318813e+00
4.504561e+00
4.425681e+00
3.775907e+00
4.253887e+00
3.739623e+00
4.205810e+00
2.512329e+00
3.659996e+00
3.299131e+00
4.405630e+00
2.572996e+00
2.919326e+00
1
4.647586e+00
2.610631e+00
3.691779e+00
4.183393e+00
3.700549e+00
3.104036e+00
3.589588e+00
4.054696e+00
4.707745e+00
4.869075e+00
3.712701e+00
4.030725e+00
3.038310e+00
4.296767e+00
4.243271e+00
3.599299e+00
2.525628e+00
4.294801e+00
3.998841e+00
2.879845e+00
3.683932e+00
3.879477e+00
1.979619e+00
3.887996e+00
4.115153e+00
2.866686e+00
4.857805e+00
3.879932e+00
3.957585e+00
2.691866e+00
4.859993e+00
3.156457e+00
1.865163e+00
4.184121e+00
3.540189e+00
3.738840e+00
2.827386e+00
3.651638e+00
4.837705e+00
4.548128e+00
4.509715e+00
4.641671e+00
3.330429e+00
4.241062e+00
2.997012e+00
2.281892e+00
4.434745e+00
4.617402e+00
4.381431e+00
2.968002e+00
3.408184e+00
4.525226e+00
3.118944e+00
4.920457e+00
3.725118e+00
4.273889e+00
4.229790e+00
2.041295e+00
3.989941e+00
2.834807e+00
4.097597e+00
2.368522e+00
4.079010e+00
4.840418e+00
4.272486e+00
3.060962e+00
2.903906e+00
3.860147e+00
4.017501e+00
3.073824e+00
4.132717e+00
4.658947e+00
1.680735e+00
4.361179e+00
2.368074e+00
3.260630e+00
3.801054e+00
4.221702e+00
4.542102e+00
4.298313e+00
4.260678e+00
2.996091e+00
3.496349e+00
3.784046e+00
4.128101e+00
4.278488e+00
4.087990e+00
3.157500e+00
3.889415e+00
3.824490e+00
2.614324e+00
3.595667e+00
4.064871e+00
4.240185e+00
3.430125e+00
3.499805e+00
4.386502e+00
2.191051e+00
3.457785e+00
4.306923e+00
3.770285e+00
4.493132e+00
4.108296e+00
4.416958e+00
3.579261e+00
4.474969e+00
4.514471e+00
4.312407e+00
1.931683e+00
4.550901e+00
3.825269e+00
4.477368e+00
4.391227e+00
3.805628e+00
4.241521e+00
2.902031e+00
3.338393e+00
3.703374e+00
4.392526e+00
4.350309e+00
3.702386e+00
3.575934e+00
3.894367e+00
4.611506e+00
4.413183e+00
3.793912e+00
2.830658e+00
4.504921e+00
2.973041e+00
4.065744e+00
4.191116e+00
4.752260e+00
4.169760e+00
4.001587e+00
4.083316e+00
4.257817e+00
4.621812e+00
4.287962e+00
3.917762e+00
3.066315e+00
4.567856e+00
4.209863e+00
4.354043e+00
3.666593e+00
4.096140e+00
3.611921e+00
3.965465e+00
4.452306e+00
3.757030e+00
3.287762e+00
2.840806e+00
2.203913e+00
3.152438e+00
3.546917e+00
4.352653e+00
3.974285e+00
3.659264e+00
2.517732e+00
1.332871e+00
4.298636e+00
4.429002e+00
4.562314e+00
3.934593e+00
2.957939e+00
4.979873e+00
2.292499e+00
4.154174e+00
3.970426e+00
3.387240e+00
3.825240e+00
3.814844e+00
4.495195e+00
4.257078e+00
3.583794e+00
3.725131e+00
4.191013e+00
4.316960e+00
3.831175e+00
3.263043e+00
3.812813e+00
4.201089e+00
3.279300e+00
4.306343e+00
4.499733e+00
4.553404e+00
3.101232e+00
3.934972e+00
2.515727e+00
3.433581e+00
3.946486e+00
1.747295e+00
4.499924e+00
3.961901e+00
4.557273e+00
4.135487e+00
3.039450e+00
3.897849e+00
4.059943e+00
4.817005e+00
4.551204e+00
4.117424e+00
2.761485e+00
1.978448e+00
3.596104e+00
3.841309e+00
2.629795e+00
3.483317e+00
4.694499e+00
3.845270e+00
1.567544e+00
4.767451e+00
2.969608e+00
4.435510e+00
4.392403e+00
3.047605e+00
2.865106e+00
3.480241e+00
2.734145e+00
3.816834e+00
4.140703e+00
3.555732e+00
3.730853e+00
3.318401e+00
3.952674e+00
4.705017e+00
3.141250e+00
3.954963e+00
4.326963e+00
3.361676e+00
3.295093e+00
3.418618e+00
3.670004e+00
3.128772e+00
4.192187e+00
3.488805e+00
4.244431e+00
4.099638e+00
3.957289e+00
3.740602e+00
4.294584e+00
4.267534e+00
3.507621e+00
4.264944e+00
4.491206e+00
4.368102e+00
3.637263e+00
4.751567e+00
4.504775e+00
3.707884e+00
3.157372e+00
3.608756e+00
3.958866e+00
4.486447e+00
2.770790e+00
4.289404e+00
4.350998e+00
3.826294e+00
4.404179e+00
3.737192e+00
4.654850e+00
3.477964e+00
4.644806e+00
4.640593e+00
2.609681e+00
4.454365e+00
3.472871e+00
2.971497e+00
3.201954e+00
3.380308e+00
4.113887e+00
3.961403e+00
4.365758e+00
4.815337e+00
4.015785e+00
3.932279e+00
2.432184e+00
4.212016e+00
4.346582e+00
3.761339e+00
3.710717e+00
3.975251e+00
4.220860e+00
1.617856e+00
3.307744e+00
4.908853e+00
4.821257e+00
3.785649e+00
4.045621e+00
3.192214e+00
4.433054e+00
4.733800e+00
3.950122e+00
2.218928e+00
3.833925e+00
3.049256e+00
3.861759e+00
3.538500e+00
1.622773e+00
2.831636e+00
4.697996e+00
3.947142e+00
3.133671e+00
3.563373e+00
3.037859e+00
3.587227e+00
3.491324e+00
4.378326e+00
2.133476e+00
3.404244e+00
3.181805e+00
3.361491e+00
3.932668e+00
4.701740e+00
4.258481e+00
3.038947e+00
1.868711e+00
2.107111e+00
4.858476e+00
2.298787e+00
2.778713e+00
2.201397e+00
4.525601e+00
3.462955e+00
3.819485e+00
3.696809e+00
4.741655e+00
3.379971e+00
4.437883e+00
3.557449e+00
2.780793e+00
3.655031e+00
1.760065e+00
4.906279e+00
4.924122e+00
4.364851e+00
2.832728e+00
3.648113e+00
2.226253e+00
4.165355e+00
2.863590e+00
4.794781e+00
3.810952e+00
2.848454e+00
4.502862e+00
3.985950e+00
3.682507e+00
3.720508e+00
4.559332e+00
4.596285e+00
4.516447e+00
3.727181e+00
4.456149e+00
4.335314e+00
4.687349e+00
3.701998e+00
2.995994e+00
3.896909e+00
3.848646e+00
4.736470e+00
3.060468e+00
4.289428e+00
3.947446e+00
3.914135e+00
3.441657e+00
3.566933e+00
4.836223e+00
3.386170e+00
3.885820e+00
1.400832e+00
4.181521e+00
4.300444e+00
4.574950e+00
4.267805e+00
3.541097e+00
3.682395e+00
1.926814e+00
2.422933e+00
2.492819e+00
2.433703e+00
2.563160e+00
4.116197e+00
4.158976e+00
4.937604e+00
3.475161e+00
2.983302e+00
2.798134e+00
3.803934e+00
4.453859e+00
4.543000e+00
4.327435e+00
4.162261e+00
4.239932e+00
3.026251e+00
3.731064e+00
4.327441e+00
3.038136e+00
2.799391e+00
3.082352e+00
4.176632e+00
1.272424e+00
4.797793e+00
2.896342e+00
2.716086e+00
4.203924e+00
3.827788e+00
4.208472e+00
4.231273e+00
3.705066e+00
3.578281e+00
4.251019e+00
3.519363e+00
4.510861e+00
4.916468e+00
4.096029e+00
3.010588e+00
4.095067e+00
4.634221e+00
4.023923e+00
3.843764e+00
4.826201e+00
4.375839e+00
3.657062e+00
3.392126e+00
2.650161e+00
4.031768e+00
4.651347e+00
3.781003e+00
2.648675e+00
1.842189e+00
3.834971e+00
4.239647e+00
4.626877e+00
4.265157e+00
4.264205e+00
4.254808e+00
3.748371e+00
2.256261e+00
4.275811e+00
3.609252e+00
4.305955e+00
4.694824e+00
3.825120e+00
3.818216e+00
4.202365e+00
3.115902e+00
4.293269e+00
3.736340e+00
2.881036e+00
4.165690e+00
3.675438e+00
3.978779e+00
4.382010e+00
4.498361e+00
3.581335e+00
3.401232e+00
4.274345e+00
4.120820e+00
3.945866e+00
3.983103e+00
4.146202e+00
4.409221e+00
3.946681e+00
4.461635e+00
4.512042e+00
1.996674e+00
3.366845e+00
4.644188e+00
2.857216e+00
3.024480e+00
1.874202e+00
2.137536e+00
3.623708e+00
4.649718e+00
4.086583e+00
4.916178e+00
3.547891e+00
4.291479e+00
3.959232e+00
3.470039e+00
3.858419e+00
3.899238e+00
4.358646e+00
3.726800e+00
1.619231e+00
3.156118e+00
4.607735e+00
4.008242e+00
3.982460e+00
3.169902e+00
4.529872e+00
4.217086e+00
2.964633e+00
3.219374e+00
3.912277e+00
2.713284e+00
4.467204e+00
3.111478e+00
4.032604e+00
3.457446e+00
3.146016e+00
3.677812e+00
4.727857e+00
4.363910e+00
4.047933e+00
3.031129e+00
4.155222e+00
4.703353e+00
3.582371e+00
4.357989e+00
3.827326e+00
2.118296e+00
4.434115e+00
3.986703e+00
3.213006e+00
4.527206e+00
3.382300e+00
2.628931e+00
3.486014e+00
2.861647e+00
3.238971e+00
4.570782e+00
4.175225e+00
3.384061e+00
4.193563e+00
4.579947e+00
2.939072e+00
4.246216e+00
2.616619e+00
4.211413e+00
4.605161e+00
4.150491e+00
3.999924e+00
3.823757e+00
2.470776e+00
4.066656e+00
3.536045e+00
3.372305e+00
4.633582e+00
2.882717e+00
4.652131e+00
4.384826e+00
4.882658e+00
3.112582e+00
1.933424e+00
4.245405e+00
4.780983e+00
3.384116e+00
3.635958e+00
4.301520e+00
4.372375e+00
4.569211e+00
2.978065e+00
3.969967e+00
3.917050e+00
3.657848e+00
3.034009e+00
4.004273e+00
2.846434e+00
2.690985e+00
2.998731e+00
4.045266e+00
2.762338e+00
4.703914e+00
3.794398e+00
4.637501e+00
2.544078e+00
4.266604e+00
2.557334e+00
3.098190e+00
4.657634e+00
4.309319e+00
4.748139e+00
4.124707e+00
3.472639e+00
4.610465e+00
3.272250e+00
3.877986e+00
4.731712e+00
2.560685e+00
4.117570e+00
2.604515e+00
3.960043e+00
4.570338e+00
4.198018e+00
3.024229e+00
4.457993e+00
4.363202e+00
4.458456e+00
3.741849e+00
4.756352e+00
3.695222e+00
4.163728e+00
4.622000e+00
4.428140e+00
3.568713e+00
3.553513e+00
4.686841e+00
3.998908e+00
3.680733e+00
3.382081e+00
2.098916e+00
3.715851e+00
2.511094e+00
4.397486e+00
2.813024e+00
3.574853e+00
3.414961e+00
4.146533e+00
2.868803e+00
2.009038e+00
3.502126e+00
3.432192e+00
3.867050e+00
3.936027e+00
4.217349e+00
4.437985e+00
2.676711e+00
1.984782e+00
4.147157e+00
4.418546e+00
4.579831e+00
1.631831e+00
3.337319e+00
3.680372e+00
3.336629e+00
4.621767e+00
4.047777e+00
4.734210e+00
4.440971e+00
4.265840e+00
4.911954e+00
4.272172e+00
4.533823e+00
3.558387e+00
4.276160e+00
3.080355e+00
3.494774e+00
4.454896e+00
4.035543e+00
2.811089e+00
4.614596e+00
4.329292e+00
1.724958e+00
4.698567e+00
3.298205e+00
4.646195e+00
3.863419e+00
4.202113e+00
2.316144e+00
4.509070e+00
3.592155e+00
4.072953e+00
2.500076e+00
3.717123e+00
3.368657e+00
2.363739e+00
4.692633e+00
3.114455e+00
4.850938e+00
3.814385e+00
4.093677e+00
3.702114e+00
1.100299e+00
4.711419e+00
4.077161e+00
4.200532e+00
4.101926e+00
4.458677e+00
2.813822e+00
2.288583e+00
4.158427e+00
1.288183e+00
4.344837e+00
3.365501e+00
2.182896e+00
4.416189e+00
3.093167e+00
2.594922e+00
4.325554e+00
3.915773e+00
3.879554e+00
3.959068e+00
4.305485e+00
4.247179e+00
2.539194e+00
3.996869e+00
3.663631e+00
3.769903e+00
3.873167e+00
4.226857e+00
4.191147e+00
3.825343e+00
3.810123e+00
4.390510e+00
2.915351e+00
3.301627e+00
2.554550e+00
3.937009e+00
4.192183e+00
3.683556e+00
4.419278e+00
4.043708e+00
4.481423e+00
3.981257e+00
3.567755e+00
3.936783e+00
2.884976e+00
4.431645e+00
4.766795e+00
3.254422e+00
3.215134e+00
4.186365e+00
4.017016e+00
3.589977e+00
3.988937e+00
4.500997e+00
1.297611e+00
3.852138e+00
4.526572e+00
3.907784e+00
3.579445e+00
4.187493e+00
3.180707e+00
3.384653e+00
2.938848e+00
3.510815e+00
4.501335e+00
4.511254e+00
4.642498e+00
4.527319e+00
3.387059e+00
3.705456e+00
3.750441e+00
3.977039e+00
3.685191e+00
4.098848e+00
4.474178e+00
4.139442e+00
3.830603e+00
3.981545e+00
4.680145e+00
4.016867e+00
3.956096e+00
3.041199e+00
4.560508e+00
4.282258e+00
4.790069e+00
3.761502e+00
2.169026e+00
3.664076e+00
4.001294e+00
4.816237e+00
3.909600e+00
3.559479e+00
4.640230e+00
4.565892e+00
4.305694e+00
2.342599e+00
4.153472e+00
3.852600e+00
4.454873e+00
4.677347e+00
3.420267e+00
4.735586e+00
3.449584e+00
4.196122e+00
3.739021e+00
4.094986e+00
2.085968e+00
3.979101e+00
4.089467e+00
3.406708e+00
3.622903e+00
3.797696e+00
3.443379e+00
4.615696e+00
4.249350e+00
2.922351e+00
4.486385e+00
4.390816e+00
4.440084e+00
4.405779e+00
4.151811e+00
3.627145e+00
4.525991e+00
4.868932e+00
4.834364e+00
3.320738e+00
4.023524e+00
3.403821e+00
4.057344e+00
4.458377e+00
4.230963e+00
3.428403e+00
3.513632e+00
4.001418e+00
3.171395e+00
3.037793e+00
4.363295e+00
3.953834e+00
4.592299e+00
3.367402e+00
2.690839e+00
4.591057e+00
3.031289e+00
2.220810e+00
2.550160e+00
4.714678e+00
4.062462e+00
4.317727e+00
3.350095e+00
4.343504e+00
3.519233e+00
4.426610e+00
4.152750e+00
4.327883e+00
4.224762e+00
4.851609e+00
4.414395e+00
3.542109e+00
1.828053e+00
2.908526e+00
2.807002e+00
4.345731e+00
3.808766e+00
4.508483e+00
3.031711e+00
4.885217e+00
3.761721e+00
2.371350e+00
2.388068e+00
1.867208e+00
3.570283e+00
3.921068e+00
2.716736e+00
4.457742e+00
3.797524e+00
4.172242e+00
2.911831e+00
3.720727e+00
4.713305e+00
3.513459e+00
4.355368e+00
3.914113e+00
4.470157e+00
2.950764e+00
1.984786e+00
4.235869e+00
4.754938e+00
3.595642e+00
4.312182e+00
4.097069e+00
1.265141e+00
3.547349e+00
4.073888e+00
1.817076e+00
2.105418e+00
4.677136e+00
4.322399e+00
3.361692e+00
3.723277e+00
3.479063e+00
4.659342e+00
4.596857e+00
3.215146e+00
4.110220e+00
3.421552e+00
4.525170e+00
2.870375e+00
3.923613e+00
3.857091e+00
3.986294e+00
4.375003e+00
4.321104e+00
3.207296e+00
2.694555e+00
2.815685e+00
4.927433e+00
3.091553e+00
4.266230e+00
4.298425e+00
2.825655e+00
3.640770e+00
4.438204e+00
2.256853e+00
4.905270e+00
4.583849e+00
3.970340e+00
4.591571e+00
4.403629e+00
2.852259e+00
2.235409e+00
4.814502e+00
4.773832e+00
4.503987e+00
3.783698e+00
3.961984e+00
4.338992e+00
3.854446e+00
4.553588e+00
3.223581e+00
2.111635e+00
4.001089e+00
4.098769e+00
2.398878e+00
1.432614e+00
4.184691e+00
3.230466e+00
3.828165e+00
4.358106e+00
3.963842e+00
4.445541e+00
3.602064e+00
3.948685e+00
1.195747e+00
3.490197e+00
1.307836e+00
3.655197e+00
4.201088e+00
4.368491e+00
4.204202e+00
4.566556e+00
4.601040e+00
3.752178e+00
4.562052e+00
3.992059e+00
3.242652e+00
3.162969e+00
4.205336e+00
4.133030e+00
3.886184e+00
2.586034e+00
4.646591e+00
3.405640e+00
4.029992e+00
4.302318e+00
3.858860e+00
4.104975e+00
3.874665e+00
4.592225e+00
2.659480e+00
4.306420e+00
4.576348e+00
3.320791e+00
4.506146e+00
3.965129e+00
3.769287e+00
3.719934e+00
3.653464e+00
4.545423e+00
3.932172e+00
4.089671e+00
4.149844e+00
3.329745e+00
2.840169e+00
4.628855e+00
3.013310e+00
4.067461e+00
2.657299e+00
4.013857e+00
4.298763e+00
3.765227e+00
2.338903e+00
4.323302e+00
4.667186e+00
4.489228e+00
4.065503e+00
1.744956e+00
3.465682e+00
4.517797e+00
3.636093e+00
4.676898e+00
4.253047e+00
4.498180e+00
3.959070e+00
4.808850e+00
4.121288e+00
4.559267e+00
3.784608e+00
4.374244e+00
2.289810e+00
3.592253e+00
4.490456e+00
4.239660e+00
4.231776e+00
3.970503e+00
4.294997e+00
3.891182e+00
3.204260e+00
3.446525e+00
4.404414e+00
3.849114e+00
3.283663e+00
3.269534e+00
3.701519e+00
3.543946e+00
2.304916e+00
4.055570e+00
4.767193e+00
4.652703e+00
4.256730e+00
2.962318e+00
3.826724e+00
4.500977e+00
2.526164e+00
3.920103e+00
4.013196e+00
4.122942e+00
3.545421e+00
3.767009e+00
3.730079e+00
3.433626e+00
3.395253e+00
4.658668e+00
4.118928e+00
3.112186e+00
3.263205e+00
3.842978e+00
2.957544e+00
4.362788e+00
3.845993e+00
3.388833e+00
3.649890e+00
4.656767e+00
3.400866e+00
4.544152e+00
2.923969e+00
3.804870e+00
2.494878e+00
3.909052e+00
4.426674e+00
3.934395e+00
4.010339e+00
3.370281e+00
4.400066e+00
3.449082e+00
4.098082e+00
2.602899e+00
4.090490e+00
4.742853e+00
3.750975e+00
3.463497e+00
4.274566e+00
3.926730e+00
3.390179e+00
4.185382e+00
2.998448e+00
2.703552e+00
3.144142e+00
4.391658e+00
3.950685e+00
3.638518e+00
3.434342e+00
4.473856e+00
4.184982e+00
4.692355e+00
4.002065e+00
3.154930e+00
3.866182e+00
2.556541e+00
4.452738e+00
4.137623e+00
4.633237e+00
2.612242e+00
4.554460e+00
4.708426e+00
3.462479e+00
4.412689e+00
3.497675e+00
3.816284e+00
4.119899e+00
3.844415e+00
4.396048e+00
4.319671e+00
4.394379e+00
3.672571e+00
3.715405e+00
3.730363e+00
3.660394e+00
3.454475e+00
3.536283e+00
2.326437e+00
4.627092e+00
3.601211e+00
3.712260e+00
4.692423e+00
4.413938e+00
3.690206e+00
3.465134e+00
4.732847e+00
3.508257e+00
3.604610e+00
1.749901e+00
2.519887e+00
3.937262e+00
4.500357e+00
3.905401e+00
3.052447e+00
4.439032e+00
2.131564e+00
3.062157e+00
1.543961e+00
3.564972e+00
4.150585e+00
4.397975e+00
3.963240e+00
3.530249e+00
3.168592e+00
3.495418e+00
3.400859e+00
4.479675e+00
3.623668e+00
3.987897e+00
2.697707e+00
3.613854e+00
3.695788e+00
2.751103e+00
2.738789e+00
4.230901e+00
4.252228e+00
3.786138e+00
3.834990e+00
2.938753e+00
3.726446e+00
2.893127e+00
4.137736e+00
4.428537e+00
3.738021e+00
2.419811e+00
3.730127e+00
3.565393e+00
4.513907e+00
3.575619e+00
4.810105e+00
4.119144e+00
4.018565e+00
4.144887e+00
4.551049e+00
3.580991e+00
3.848043e+00
4.367627e+00
4.311477e+00
3.862673e+00
3.248254e+00
4.182694e+00
4.278576e+00
3.689882e+00
4.576455e+00
2.463064e+00
3.210716e+00
4.112444e+00
3.510141e+00
3.483745e+00
3.122255e+00
3.817845e+00
4.284216e+00
2.696982e+00
2.389882e+00
2.433271e+00
4.506186e+00
4.395750e+00
3.817320e+00
3.752084e+00
4.557588e+00
3.888294e+00
3.196880e+00
3.504232e+00
4.394197e+00
3.271163e+00
3.254601e+00
3.152333e+00
4.188079e+00
4.047275e+00
3.848274e+00
4.268174e+00
4.885906e+00
3.856402e+00
2.478516e+00
3.788725e+00
4.135929e+00
4.728674e+00
3.010771e+00
4.385417e+00
3.109001e+00
4.806817e+00
4.354990e+00
4.033654e+00
4.346084e+00
2.136889e+00
4.505862e+00
3.676555e+00
2.896084e+00
1.995190e+00
4.408551e+00
4.145459e+00
3.264667e+00
3.191905e+00
4.462607e+00
4.679118e+00
3.298026e+00
4.264888e+00
3.718893e+00
3.290118e+00
4.984115e+00
4.261039e+00
3.888401e+00
3.526986e+00
3.869575e+00
4.731445e+00
4.487146e+00
2.739561e+00
3.243454e+00
4.352720e+00
2.621738e+00
4.030804e+00
4.747569e+00
3.757835e+00
2.576709e+00
3.952798e+00
3.499149e+00
3.960498e+00
4.063267e+00
4.492619e+00
4.561340e+00
3.797114e+00
4.498685e+00
4.346203e+00
4.343794e+00
2.185293e+00
3.339689e+00
4.090508e+00
4.657074e+00
4.441043e+00
3.278865e+00
3.454638e+00
2.675904e+00
2.798913e+00
4.643925e+00
4.137175e+00
3.003600e+00
4.060394e+00
4.713993e+00
3.801817e+00
2.642320e+00
4.013868e+00
4.065143e+00
2.856580e+00
4.126626e+00
2.648840e+00
4.723674e+00
4.301171e+00
3.954492e+00
3.808015e+00
2.453052e+00
3.935388e+00
3.856073e+00
4.435684e+00
4.121989e+00
2.576797e+00
3.208001e+00
4.028883e+00
4.241927e+00
3.009128e+00
3.112813e+00
3.813323e+00
4.471253e+00
4.443679e+00
4.783020e+00
4.098313e+00
4.247945e+00
4.916847e+00
2.497876e+00
4.407108e+00
2.815617e+00
3.700909e+00
4.127882e+00
2.571998e+00
3.334326e+00
4.789849e+00
4.406380e+00
3.122830e+00
4.528784e+00
4.405960e+00
4.047522e+00
2.479257e+00
4.674281e+00
3.190669e+00
3.883967e+00
3.325337e+00
4.147458e+00
4.498161e+00
4.669033e+00
4.523361e+00
2.865024e+00
2.896968e+00
3.935315e+00
3.814435e+00
3.348558e+00
4.231044e+00
4.732755e+00
1.175945e+00
3.330936e+00
1.967276e+00
1.477490e+00
4.115757e+00
3.071414e+00
4.653726e+00
2.946722e+00
4.488061e+00
4.448453e+00
4.645740e+00
3.143373e+00
3.261959e+00
2.811548e+00
3.318522e+00
4.426483e+00
3.768256e+00
2.319954e+00
2.176482e+00
3.375236e+00
3.156633e+00
4.022923e+00
2.106940e+00
3.544206e+00
3.408787e+00
4.385268e+00
4.051092e+00
3.304418e+00
4.377447e+00
4.518144e+00
4.195615e+00
3.730727e+00
4.384841e+00
3.594862e+00
4.568325e+00
4.234472e+00
4.661698e+00
4.851154e+00
3.223612e+00
4.126755e+00
4.013837e+00
4.401376e+00
4.309194e+00
4.867841e+00
3.569614e+00
1.714573e+00
4.161715e+00
1.416440e+00
3.424164e+00
3.996422e+00
4.002973e+00
3.481253e+00
2.529107e+00
4.528145e+00
3.180186e+00
3.174389e+00
4.286938e+00
4.430883e+00
4.186749e+00
1.954797e+00
3.718731e+00
3.847506e+00
1.740617e+00
3.553888e+00
4.768476e+00
3.680327e+00
1.947264e+00
3.986742e+00
1.545811e+00
4.510911e+00
4.303113e+00
4.597012e+00
4.182856e+00
1.662556e+00
4.318581e+00
4.352314e+00
3.522505e+00
4.238203e+00
4.814254e+00
4.745453e+00
4.440688e+00
3.001458e+00
3.917985e+00
3.153363e+00
3.664798e+00
3.728589e+00
4.450068e+00
4.416369e+00
4.553976e+00
4.155660e+00
4.012691e+00
4.197023e+00
2.642946e+00
3.411516e+00
3.154862e+00
3.989981e+00
3.569116e+00
4.240920e+00
4.349565e+00
4.278811e+00
4.301939e+00
4.487124e+00
2.455955e+00
4.267153e+00
4.197884e+00
1.506553e+00
4.655680e+00
3.799021e+00
4.468765e+00
3.941172e+00
2.069615e+00
3.647145e+00
3.228600e+00
3.846163e+00
4.213358e+00
3.896087e+00
3.947406e+00
3.832852e+00
4.816445e+00
4.340542e+00
3.119174e+00
4.419593e+00
2.865448e+00
2.922234e+00
4.082040e+00
3.967549e+00
3.512596e+00
3.215580e+00
2.672027e+00
3.468739e+00
3.659361e+00
4.701263e+00
3.792211e+00
3.735117e+00
4.451160e+00
3.559372e+00
4.478848e+00
1.709082e+00
4.129105e+00
3.725642e+00
3.862286e+00
4.440981e+00
4.569342e+00
4.082545e+00
3.342818e+00
4.940763e+00
4.692161e+00
2.507908e+00
1.821160e+00
2.338923e+00
3.995881e+00
3.367935e+00
4.147095e+00
3.843759e+00
4.376924e+00
3.348649e+00
3.006121e+00
3.710027e+00
3.024355e+00
2.168611e+00
4.799538e+00
3.789182e+00
2.612387e+00
3.046262e+00
4.969307e+00
1.797486e+00
4.814405e+00
4.694579e+00
2.219513e+00
4.352648e+00
4.305586e+00
4.395765e+00
4.068102e+00
4.571796e+00
4.483028e+00
4.179757e+00
3.555454e+00
4.089668e+00
4.051098e+00
3.757739e+00
3.188462e+00
3.988691e+00
4.153431e+00
4.662770e+00
4.457677e+00
3.760157e+00
4.124755e+00
4.418674e+00
4.437490e+00
4.178264e+00
4.092299e+00
4.671710e+00
4.267638e+00
2.531342e+00
3.971301e+00
3.927727e+00
2.959625e+00
4.440622e+00
4.681659e+00
4.043233e+00
4.576502e+00
3.788760e+00
4.382379e+00
2.457415e+00
3.867083e+00
3.948573e+00
4.351878e+00
3.833214e+00
3.831624e+00
2.914994e+00
2.659814e+00
1.028674e+00
4.169525e+00
4.535475e+00
3.431983e+00
2.981682e+00
3.811547e+00
4.197393e+00
3.859198e+00
3.723923e+00
3.044893e+00
4.190815e+00
4.290208e+00
4.237039e+00
4.251364e+00
4.390945e+00
3.983199e+00
3.845956e+00
2.739094e+00
4.013657e+00
3.325954e+00
1.890147e+00
3.423579e+00
4.947768e+00
3.896394e+00
4.868128e+00
4.134663e+00
4.126420e+00
2.957896e+00
2.011217e+00
3.401387e+00
4.103061e+00
2.113532e+00
4.543029e+00
4.772330e+00
4.334466e+00
4.103426e+00
4.426974e+00
3.965499e+00
4.695919e+00
4.131499e+00
4.758504e+00
4.226711e+00
3.811776e+00
2.834891e+00
3.313124e+00
4.352361e+00
4.058489e+00
3.849849e+00
4.097473e+00
4.232872e+00
4.912627e+00
3.349696e+00
4.216618e+00
3.830108e+00
2.215739e+00
4.211246e+00
4.381853e+00
4.292178e+00
4.344971e+00
2.932340e+00
3.862820e+00
3.727765e+00
4.274947e+00
4.584480e+00
4.238156e+00
4.539144e+00
4.125331e+00
4.307406e+00
4.007917e+00
4.466517e+00
3.947996e+00
3.973342e+00
3.975012e+00
2.806591e+00
2.729687e+00
3.174226e+00
4.521982e+00
4.388721e+00
4.506029e+00
3.509569e+00
3.889052e+00
3.667190e+00
4.010937e+00
4.637526e+00
4.269042e+00
3.278193e+00
1.329152e+00
2.683551e+00
3.592404e+00
3.903313e+00
4.034055e+00
2.943401e+00
3.310012e+00
2.528855e+00
4.540178e+00
4.428015e+00
4.115458e+00
4.775229e+00
4.489182e+00
3.567971e+00
2.130130e+00
2.858974e+00
2.930919e+00
2.886782e+00
3.028688e+00
4.455532e+00
2.700997e+00
4.696535e+00
4.001416e+00
2.947423e+00
4.761245e+00
3.788894e+00
3.381256e+00
4.101829e+00
3.659188e+00
3.763746e+00
4.228077e+00
3.819025e+00
3.638290e+00
3.975231e+00
4.160451e+00
4.189223e+00
2.663759e+00
4.076793e+00
2.600719e+00
3.628677e+00
3.806387e+00
3.306520e+00
4.013447e+00
3.868146e+00
3.569679e+00
4.147686e+00
3.663633e+00
2.819636e+00
3.111135e+00
3.685728e+00
4.678901e+00
3.765005e+00
4.133854e+00
1
4.357973e+00
3.675524e+00
3.872586e+00
3.864907e+00
3.761145e+00
4.925329e+00
3.087183e+00
4.056198e+00
2.609588e+00
4.551464e+00
4.026569e+00
2.961836e+00
4.151560e+00
2.856531e+00
3.928312e+00
4.887308e+00
3.234800e+00
3.087041e+00
3.229588e+00
3.951338e+00
3.156410e+00
3.184386e+00
3.667400e+00
3.264815e+00
1.869524e+00
3.984500e+00
3.730614e+00
3.584939e+00
2.917008e+00
3.101300e+00
4.341788e+00
3.794552e+00
4.659514e+00
3.941654e+00
4.495048e+00
3.877504e+00
4.247390e+00
3.738094e+00
4.233006e+00
3.768343e+00
2.806189e+00
3.130127e+00
3.997468e+00
3.486524e+00
2.925099e+00
4.072710e+00
4.572952e+00
4.732371e+00
4.898080e+00
4.448438e+00
1.287833e+00
3.691196e+00
4.441200e+00
4.540261e+00
3.406987e+00
3.486331e+00
2.022746e+00
1.716044e+00
3.830958e+00
4.351006e+00
3.491092e+00
4.289431e+00
4.087983e+00
3.981373e+00
3.804089e+00
4.104715e+00
4.056864e+00
3.980120e+00
2.986800e+00
3.944689e+00
3.775140e+00
3.837166e+00
3.644494e+00
3.938926e+00
1.794865e+00
4.210058e+00
2.707005e+00
4.557944e+00
3.808347e+00
4.539888e+00
2.585932e+00
4.122481e+00
3.969037e+00
3.106196e+00
3.708789e+00
2.689957e+00
3.333042e+00
4.592498e+00
4.202483e+00
4.085145e+00
4.146475e+00
3.797984e+00
4.262227e+00
3.994036e+00
2.660925e+00
3.356800e+00
4.079083e+00
2.998472e+00
4.162841e+00
2.831917e+00
3.540448e+00
3.383598e+00
4.792478e+00
3.862078e+00
4.085720e+00
4.261616e+00
1.412969e+00
3.433626e+00
3.093302e+00
3.920280e+00
4.317969e+00
3.558614e+00
3.706971e+00
4.076486e+00
4.839700e+00
4.725386e+00
4.216370e+00
3.891064e+00
4.477143e+00
4.647538e+00
4.362664e+00
3.961661e+00
3.417275e+00
4.796033e+00
2.999824e+00
3.095899e+00
3.673951e+00
3.485114e+00
4.551256e+00
4.118197e+00
4.217180e+00
3.956997e+00
2.533086e+00
1.491593e+00
4.358472e+00
4.733439e+00
4.364086e+00
1.810071e+00
4.138662e+00
4.680175e+00
4.369014e+00
3.279080e+00
4.009489e+00
2.732834e+00
3.011867e+00
4.393909e+00
4.397885e+00
3.557639e+00
3.081233e+00
4.746899e+00
3.322805e+00
4.148870e+00
4.404517e+00
4.618099e+00
3.487679e+00
3.060826e+00
3.006211e+00
3.666897e+00
3.877959e+00
4.195758e+00
3.215814e+00
2.334191e+00
2.855787e+00
4.233328e+00
3.740211e+00
1.898889e+00
2.846418e+00
4.267119e+00
4.048656e+00
2.338857e+00
3.165171e+00
4.388218e+00
3.978884e+00
4.705597e+00
5.000000e+00
4.779267e+00
3.054852e+00
3.935935e+00
2.971520e+00
3.537092e+00
1.306416e+00
4.047941e+00
4.170938e+00
3.996709e+00
1.209400e+00
4.174572e+00
3.891314e+00
1.511202e+00
2.971764e+00
2.982032e+00
4.811853e+00
3.192096e+00
4.107127e+00
3.248638e+00
3.874640e+00
4.680773e+00
4.631926e+00
2.115575e+00
3.216990e+00
2.528704e+00
3.654326e+00
2.700211e+00
4.352781e+00
4.040155e+00
4.171269e+00
4.052150e+00
4.174077e+00
3.381397e+00
4.778058e+00
2.714513e+00
4.451994e+00
4.454751e+00
3.342387e+00
3.949562e+00
3.127692e+00
3.326009e+00
4.237811e+00
4.204771e+00
4.765807e+00
3.737584e+00
3.335657e+00
3.299913e+00
4.545108e+00
4.079163e+00
3.299134e+00
4.816547e+00
2.431098e+00
3.879550e+00
3.167173e+00
3.312704e+00
3.259957e+00
3.229181e+00
4.492305e+00
1.145883e+00
2.989539e+00
4.890463e+00
2.801712e+00
3.552001e+00
1.544728e+00
4.397733e+00
1.470789e+00
2.837980e+00
4.719703e+00
4.372930e+00
4.086037e+00
4.333426e+00
2.675160e+00
4.025779e+00
3.193179e+00
3.428351e+00
3.619726e+00
3.773448e+00
3.546334e+00
2.813481e+00
3.592040e+00
4.072979e+00
3.514198e+00
3.735515e+00
1.197309e+00
3.316673e+00
2.381838e+00
3.971309e+00
1.134010e+00
4.257459e+00
2.448934e+00
3.717473e+00
4.138727e+00
4.885305e+00
4.612842e+00
4.195661e+00
2.833363e+00
4.181632e+00
2.320187e+00
3.023030e+00
1.376648e+00
3.390146e+00
4.591002e+00
3.297226e+00
3.828950e+00
3.603038e+00
4.403638e+00
4.431863e+00
3.963457e+00
2.886158e+00
4.190571e+00
4.154300e+00
4.581708e+00
1.985927e+00
4.420183e+00
4.206238e+00
1.883247e+00
4.402425e+00
3.733391e+00
4.327786e+00
4.576580e+00
4.587952e+00
4.222043e+00
4.670887e+00
3.758160e+00
4.240838e+00
4.912627e+00
4.242880e+00
2.892860e+00
3.718012e+00
3.906989e+00
3.538725e+00
3.782757e+00
3.425026e+00
3.012494e+00
3.929303e+00
3.838225e+00
4.181002e+00
3.317793e+00
3.948066e+00
3.891910e+00
3.666965e+00
4.375064e+00
4.225148e+00
2.799839e+00
4.323766e+00
4.679489e+00
4.122006e+00
1.963489e+00
4.150824e+00
4.354223e+00
4.347584e+00
4.562646e+00
1.612560e+00
4.306361e+00
1.468601e+00
4.150178e+00
3.326454e+00
3.971303e+00
4.217669e+00
4.203207e+00
2.679915e+00
4.159326e+00
4.645900e+00
4.636972e+00
4.975433e+00
2.965969e+00
2.882861e+00
3.557502e+00
4.104966e+00
4.757510e+00
4.073420e+00
3.880974e+00
4.332624e+00
3.777347e+00
3.979207e+00
2.819400e+00
4.241723e+00
3.799606e+00
2.706744e+00
3.812620e+00
4.454629e+00
4.025207e+00
4.320744e+00
3.871761e+00
3.520359e+00
3.972793e+00
4.307201e+00
4.868372e+00
3.645096e+00
4.664563e+00
3.936048e+00
4.040877e+00
3.296586e+00
4.681525e+00
4.947412e+00
1.772601e+00
4.739492e+00
4.087558e+00
4.104116e+00
3.253839e+00
4.407879e+00
3.883513e+00
2.749483e+00
3.467736e+00
3.212575e+00
2.505704e+00
3.166114e+00
4.005457e+00
4.466470e+00
4.145744e+00
4.074445e+00
3.449379e+00
3.679330e+00
4.198044e+00
3.126751e+00
4.047108e+00
3.703247e+00
4.332715e+00
4.794140e+00
4.864561e+00
2.365111e+00
3.007608e+00
4.100990e+00
4.256509e+00
3.578355e+00
2.495875e+00
1.596640e+00
4.548110e+00
3.360393e+00
2.969579e+00
4.822853e+00
3.518123e+00
4.325608e+00
2.946703e+00
4.890733e+00
3.215202e+00
4.709697e+00
3.594391e+00
3.188375e+00
4.104522e+00
4.236888e+00
4.343320e+00
4.919869e+00
2.903854e+00
3.943228e+00
2.492282e+00
3.782018e+00
3.561070e+00
4.646030e+00
4.149945e+00
4.277716e+00
4.284884e+00
3.129566e+00
4.034168e+00
4.196748e+00
3.077808e+00
4.274835e+00
4.699986e+00
4.518803e+00
4.118028e+00
3.975617e+00
4.188466e+00
4.658613e+00
2.243915e+00
4.366394e+00
4.112189e+00
2.883430e+00
1.990373e+00
4.647729e+00
2.985240e+00
4.069517e+00
3.827480e+00
4.062349e+00
2.357191e+00
4.625600e+00
4.254248e+00
3.622764e+00
4.036466e+00
3.504931e+00
3.741452e+00
1.503770e+00
3.177239e+00
3.857278e+00
4.376343e+00
4.727438e+00
4.498719e+00
4.440286e+00
4.748479e+00
4.277792e+00
4.150823e+00
4.535264e+00
2.350243e+00
3.578005e+00
2.192676e+00
4.389374e+00
2.996400e+00
4.037823e+00
3.047355e+00
3.738560e+00
4.479185e+00
4.504067e+00
3.408009e+00
1.300210e+00
5.000000e+00
4.095540e+00
4.785768e+00
4.746939e+00
4.573768e+00
1.176366e+00
3.508597e+00
4.527420e+00
4.695209e+00
4.929461e+00
4.183627e+00
3.576247e+00
4.167601e+00
4.617144e+00
4.048292e+00
4.351093e+00
4.508833e+00
4.651531e+00
3.977064e+00
3.818543e+00
3.960177e+00
3.570639e+00
4.594204e+00
4.126188e+00
2.852593e+00
2.993174e+00
4.158792e+00
4.263982e+00
3.289199e+00
1.277206e+00
3.924760e+00
4.339843e+00
4.010664e+00
3.547331e+00
4.385388e+00
3.547327e+00
2.386949e+00
4.306813e+00
3.430476e+00
3.923189e+00
4.406930e+00
4.788560e+00
3.070961e+00
4.444438e+00
3.525499e+00
3.713868e+00
4.741206e+00
4.132627e+00
4.277093e+00
3.593832e+00
4.393202e+00
4.094652e+00
3.975545e+00
3.399776e+00
3.409960e+00
4.083135e+00
2.218125e+00
3.170492e+00
4.176622e+00
4.535007e+00
4.090962e+00
3.525801e+00
4.526160e+00
4.166929e+00
3.344431e+00
4.268757e+00
4.488176e+00
2.578088e+00
1.867835e+00
2.690603e+00
2.627063e+00
2.491896e+00
4.788151e+00
3.758383e+00
3.946653e+00
1.902816e+00
4.595494e+00
4.295436e+00
3.547745e+00
4.104813e+00
3.240180e+00
3.374694e+00
4.032997e+00
4.431552e+00
4.515335e+00
3.375295e+00
5.000000e+00
3.143627e+00
3.539377e+00
3.558210e+00
3.937512e+00
4.759435e+00
3.665214e+00
3.947406e+00
3.476067e+00
4.210869e+00
2.657584e+00
4.221427e+00
1.834973e+00
4.767651e+00
2.876461e+00
3.039448e+00
4.153685e+00
4.469480e+00
2.986445e+00
1.798762e+00
4.484315e+00
3.315071e+00
4.186352e+00
3.897841e+00
4.619789e+00
4.280814e+00
2.814658e+00
3.267203e+00
1.839658e+00
3.474295e+00
2.908072e+00
3.610053e+00
2.440556e+00
4.664938e+00
4.270409e+00
2.317826e+00
4.853840e+00
3.570689e+00
4.928636e+00
3.658367e+00
3.063149e+00
4.021236e+00
2.764091e+00
3.418576e+00
3.857343e+00
4.034667e+00
3.613847e+00
4.812984e+00
3.547239e+00
3.741539e+00
4.229677e+00
3.990239e+00
3.714394e+00
4.863126e+00
4.172997e+00
3.960843e+00
2.604541e+00
4.283398e+00
3.448622e+00
2.652240e+00
4.641405e+00
4.479447e+00
3.160120e+00
3.941702e+00
4.339615e+00
4.352614e+00
3.929109e+00
4.480929e+00
4.635422e+00
4.726578e+00
3.798491e+00
4.606938e+00
3.995482e+00
3.185441e+00
3.701436e+00
3.391663e+00
4.707106e+00
4.682335e+00
4.921559e+00
2.585812e+00
3.676459e+00
2.946927e+00
4.438015e+00
4.496684e+00
4.120289e+00
3.493126e+00
4.348250e+00
3.360100e+00
3.856915e+00
4.480747e+00
3.715005e+00
4.539862e+00
2.823846e+00
3.111765e+00
3.019121e+00
3.188978e+00
4.560063e+00
3.197595e+00
3.696073e+00
4.408622e+00
4.249606e+00
4.879767e+00
4.431460e+00
4.129910e+00
3.687989e+00
4.681812e+00
3.893522e+00
4.022209e+00
3.431820e+00
2.847477e+00
3.423941e+00
4.078248e+00
4.217688e+00
3.024613e+00
4.112166e+00
4.538578e+00
4.610679e+00
4.103505e+00
4.023789e+00
4.278639e+00
3.491577e+00
4.044518e+00
4.184676e+00
3.586747e+00
3.081201e+00
2.189610e+00
4.478947e+00
2.909945e+00
2.688049e+00
3.680300e+00
2.893209e+00
3.440812e+00
3.805321e+00
3.093955e+00
3.576596e+00
4.726288e+00
3.277588e+00
1.147198e+00
3.167983e+00
3.200013e+00
3.260097e+00
3.857175e+00
4.129740e+00
4.673510e+00
4.503967e+00
3.232588e+00
3.416638e+00
2.040155e+00
3.096581e+00
4.309352e+00
4.210609e+00
3.595950e+00
3.413950e+00
3.982825e+00
3.955071e+00
4.060931e+00
3.335448e+00
3.164480e+00
4.461432e+00
2.885031e+00
4.642346e+00
4.661518e+00
4.403217e+00
2.346149e+00
3.122521e+00
3.499921e+00
3.339103e+00
2.799014e+00
4.215967e+00
4.271420e+00
3.094967e+00
3.439063e+00
3.914018e+00
4.583575e+00
4.187536e+00
2.683486e+00
4.321556e+00
4.432430e+00
2.279528e+00
4.056413e+00
3.791285e+00
4.307062e+00
1.750947e+00
4.329541e+00
3.237586e+00
4.390973e+00
4.009636e+00
4.362936e+00
4.514883e+00
4.863137e+00
3.914628e+00
4.434142e+00
4.277323e+00
3.728597e+00
3.814709e+00
2.893031e+00
4.070480e+00
4.376322e+00
3.235786e+00
2.472992e+00
4.937396e+00
3.905239e+00
3.901237e+00
3.711504e+00
3.057666e+00
4.103067e+00
4.106709e+00
3.539700e+00
4.156267e+00
4.007456e+00
1.728536e+00
3.498234e+00
4.101904e+00
4.953749e+00
4.137544e+00
3.256964e+00
4.337354e+00
3.555271e+00
3.869678e+00
3.048418e+00
4.702663e+00
4.363818e+00
2.861804e+00
2.517759e+00
4.046913e+00
3.339864e+00
3.996780e+00
4.597566e+00
3.657739e+00
3.164652e+00
4.305857e+00
3.714145e+00
4.351906e+00
3.132780e+00
3.904140e+00
4.228752e+00
3.495624e+00
4.032311e+00
3.957365e+00
4.836427e+00
3.783752e+00
4.812194e+00
4.447210e+00
4.637786e+00
3.332200e+00
4.608247e+00
2.863201e+00
4.264466e+00
4.243264e+00
3.927697e+00
4.302492e+00
5.000000e+00
2.383721e+00
4.228476e+00
4.588518e+00
3.193583e+00
3.693892e+00
3.319076e+00
2.780774e+00
3.355795e+00
3.201412e+00
4.597985e+00
3.251462e+00
4.151209e+00
2.977180e+00
4.147918e+00
3.979051e+00
3.358092e+00
3.799955e+00
4.399833e+00
4.183617e+00
3.960630e+00
3.652171e+00
1.694841e+00
2.019709e+00
3.721075e+00
4.068010e+00
3.169609e+00
4.398424e+00
4.267464e+00
2.657164e+00
4.132393e+00
3.541851e+00
3.946996e+00
4.386656e+00
3.824854e+00
3.909604e+00
4.204460e+00
4.395792e+00
4.088098e+00
4.585206e+00
4.277580e+00
4.172300e+00
3.870895e+00
3.652608e+00
4.266454e+00
1.740786e+00
3.527334e+00
4.244968e+00
4.311162e+00
3.329557e+00
3.726243e+00
4.633707e+00
4.295845e+00
4.680826e+00
2.776758e+00
3.668797e+00
4.543275e+00
4.018118e+00
4.182353e+00
3.868345e+00
3.927767e+00
3.216889e+00
4.719875e+00
4.183401e+00
3.512298e+00
4.169678e+00
2.851642e+00
3.511369e+00
4.271792e+00
3.474391e+00
1.811546e+00
2.380801e+00
2.801666e+00
3.019679e+00
4.035260e+00
2.515059e+00
4.119187e+00
4.294473e+00
2.904195e+00
2.990524e+00
3.960826e+00
4.768747e+00
3.133546e+00
2.473106e+00
3.928096e+00
4.483523e+00
4.093529e+00
3.373565e+00
3.680135e+00
3.577060e+00
4.516349e+00
3.335121e+00
4.607737e+00
3.254503e+00
3.496678e+00
3.951410e+00
4.225593e+00
4.340800e+00
4.015113e+00
2.252888e+00
3.541966e+00
4.441524e+00
4.147039e+00
4.342978e+00
4.496518e+00
3.445374e+00
4.714408e+00
4.048377e+00
4.438450e+00
4.131730e+00
4.255414e+00
4.184005e+00
3.629354e+00
2.528937e+00
3.188097e+00
4.001245e+00
3.761494e+00
4.719435e+00
3.590085e+00
4.494145e+00
3.786849e+00
2.981750e+00
3.899386e+00
3.851190e+00
3.279226e+00
4.033936e+00
4.351045e+00
3.069758e+00
3.706331e+00
3.968268e+00
4.695839e+00
1.474338e+00
3.582230e+00
3.174114e+00
3.170938e+00
4.141462e+00
3.634050e+00
3.731705e+00
3.591403e+00
2.617917e+00
4.583146e+00
4.673012e+00
4.267598e+00
3.687739e+00
4.002428e+00
2.984631e+00
2.635899e+00
4.697599e+00
3.789809e+00
3.943819e+00
4.472083e+00
4.424339e+00
3.658211e+00
3.982228e+00
3.937950e+00
3.475656e+00
3.817753e+00
4.205298e+00
2.634842e+00
3.442419e+00
2.924392e+00
3.427785e+00
4.604466e+00
3.421308e+00
3.351368e+00
4.134137e+00
2.772198e+00
1.547827e+00
3.871123e+00
2.999689e+00
3.170973e+00
4.309787e+00
2.905603e+00
4.222731e+00
4.504132e+00
3.099243e+00
4.096562e+00
1.998469e+00
3.213959e+00
2.987120e+00
4.534760e+00
3.392884e+00
4.215513e+00
3.267841e+00
4.009391e+00
3.753891e+00
3.470271e+00
2.433017e+00
3.989053e+00
3.762574e+00
2.908435e+00
4.056410e+00
4.428138e+00
2.884452e+00
4.346605e+00
2.201861e+00
4.520478e+00
4.061766e+00
4.087279e+00
3.748167e+00
4.439755e+00
4.461812e+00
3.583913e+00
2.796751e+00
3.518234e+00
3.468532e+00
3.491428e+00
3.841467e+00
3.857839e+00
3.905724e+00
2.964508e+00
3.433556e+00
4.276210e+00
4.565091e+00
3.663348e+00
4.030796e+00
2.728945e+00
4.386401e+00
2.972873e+00
4.822433e+00
3.054861e+00
3.355818e+00
4.692881e+00
3.365349e+00
3.983657e+00
4.714919e+00
3.815858e+00
4.583835e+00
3.815774e+00
3.420023e+00
3.661266e+00
3.762584e+00
4.533997e+00
4.370590e+00
3.335093e+00
3.924678e+00
3.950142e+00
3.944979e+00
4.019282e+00
4.651039e+00
3.348673e+00
4.310138e+00
3.459615e+00
3.732248e+00
4.327042e+00
4.957992e+00
4.255980e+00
4.432595e+00
2.014701e+00
3.058832e+00
3.494728e+00
4.461603e+00
3.707087e+00
2.836830e+00
4.341189e+00
4.563560e+00
3.380713e+00
4.393744e+00
1.949205e+00
4.746548e+00
3.917997e+00
4.232795e+00
4.728774e+00
4.721510e+00
2.930303e+00
4.499895e+00
3.032615e+00
3.886891e+00
2.964119e+00
3.688575e+00
2.039486e+00
4.401050e+00
3.704560e+00
4.244801e+00
3.910121e+00
4.307872e+00
4.006212e+00
3.455448e+00
4.033082e+00
4.700750e+00
4.191360e+00
2.651414e+00
4.313624e+00
3.159923e+00
3.764064e+00
4.431325e+00
4.573254e+00
3.562597e+00
2.845893e+00
4.404449e+00
3.414917e+00
4.950190e+00
4.582575e+00
3.136878e+00
4.361647e+00
4.628633e+00
3.523900e+00
3.604516e+00
2.419511e+00
4.289597e+00
4.562690e+00
4.400797e+00
4.646398e+00
4.139628e+00
4.820573e+00
3.933727e+00
1.785008e+00
2.558588e+00
3.329061e+00
4.027541e+00
4.633555e+00
4.276340e+00
4.052708e+00
4.449394e+00
2.982250e+00
3.338396e+00
3.131609e+00
4.214887e+00
4.550142e+00
4.096701e+00
2.082638e+00
2.592424e+00
3.955115e+00
4.139836e+00
4.640528e+00
3.226291e+00
3.874702e+00
3.603516e+00
4.474928e+00
4.100300e+00
4.049502e+00
4.902436e+00
3.488584e+00
4.137155e+00
3.505944e+00
4.421179e+00
3.035353e+00
3.328806e+00
4.059529e+00
4.073560e+00
4.043214e+00
4.748512e+00
4.048815e+00
3.905426e+00
4.121367e+00
4.505863e+00
2.051150e+00
3.396566e+00
4.116499e+00
3.537391e+00
4.003340e+00
3.523435e+00
3.268324e+00
3.910944e+00
4.549005e+00
3.153386e+00
4.107889e+00
4.360559e+00
4.432088e+00
4.217415e+00
4.683145e+00
2.974338e+00
3.708811e+00
4.255087e+00
3.715256e+00
4.330742e+00
3.491426e+00
4.253478e+00
2.442791e+00
3.341025e+00
3.438700e+00
2.506004e+00
4.225576e+00
4.460807e+00
2.320032e+00
1.256430e+00
4.396425e+00
3.042853e+00
4.102408e+00
4.096660e+00
3.775213e+00
2.698604e+00
2.945926e+00
4.326343e+00
2.437649e+00
2.911825e+00
3.945827e+00
4.436385e+00
2.430057e+00
4.182431e+00
3.225539e+00
4.788310e+00
4.044412e+00
3.552312e+00
4.539164e+00
3.223812e+00
3.115651e+00
3.973977e+00
2.869735e+00
4.120365e+00
3.974700e+00
3.938400e+00
4.422207e+00
4.570513e+00
2.810142e+00
2.787022e+00
1.768281e+00
4.209692e+00
4.070587e+00
4.208105e+00
2.915081e+00
3.150149e+00
3.197830e+00
4.239238e+00
4.766440e+00
4.064620e+00
3.081921e+00
3.660246e+00
4.232780e+00
3.446624e+00
3.933406e+00
4.285511e+00
4.659253e+00
4.359031e+00
4.443406e+00
1.615442e+00
4.239117e+00
3.902642e+00
4.391210e+00
1.291146e+00
4.391671e+00
4.786866e+00
4.188533e+00
2.981626e+00
3.495215e+00
2.839765e+00
4.505195e+00
4.196615e+00
3.571552e+00
4.541473e+00
4.412005e+00
2.916942e+00
3.374337e+00
4.049082e+00
4.078608e+00
4.278686e+00
3.906709e+00
3.332140e+00
2.693446e+00
2.377401e+00
3.350448e+00
4.466869e+00
4.357546e+00
2.037901e+00
3.680134e+00
4.844187e+00
3.221000e+00
2.679798e+00
3.907151e+00
3.305761e+00
2.859517e+00
3.268885e+00
2.418207e+00
3.854741e+00
4.228964e+00
1.892016e+00
4.142718e+00
4.602852e+00
2.379417e+00
2.903928e+00
4.069080e+00
3.275383e+00
3.852250e+00
2.968350e+00
2.761448e+00
4.199777e+00
4.148845e+00
4.255953e+00
4.763062e+00
3.656326e+00
4.796599e+00
2.968560e+00
4.559412e+00
4.034112e+00
2.945042e+00
4.112230e+00
3.980928e+00
3.197815e+00
4.395168e+00
4.113949e+00
4.072170e+00
4.210566e+00
3.965279e+00
4.673175e+00
4.626708e+00
3.794351e+00
3.608215e+00
3.127300e+00
4.704049e+00
3.391436e+00
3.725829e+00
4.029217e+00
4.435942e+00
3.133538e+00
4.069921e+00
3.400682e+00
4.227130e+00
3.844323e+00
2.012657e+00
4.695824e+00
3.433290e+00
4.214200e+00
4.651615e+00
3.727437e+00
4.030662e+00
4.361450e+00
3.418919e+00
3.186735e+00
4.026305e+00
3.965011e+00
4.165573e+00
4.719916e+00
2.018649e+00
4.147765e+00
4.435326e+00
3.752355e+00
3.059589e+00
2.820619e+00
3.372062e+00
3.920443e+00
2.454495e+00
3.692535e+00
4.710755e+00
2.320194e+00
2.916185e+00
3.929841e+00
3.784644e+00
4.787382e+00
2.479554e+00
3.941885e+00
4.485590e+00
3.481577e+00
2.744442e+00
3.972626e+00
2.403339e+00
2.886940e+00
4.772147e+00
4.383654e+00
4.346006e+00
4.212284e+00
4.271482e+00
3.720443e+00
3.973648e+00
4.638159e+00
4.277763e+00
4.943865e+00
4.513705e+00
4.232527e+00
4.222706e+00
3.818456e+00
4.306400e+00
2.214902e+00
3.662025e+00
3.673767e+00
4.479957e+00
4.846221e+00
4.306639e+00
2.773928e+00
3.368461e+00
3.866143e+00
4.147889e+00
3.788736e+00
4.066720e+00
3.529993e+00
3.044068e+00
4.040729e+00
3.010771e+00
4.573267e+00
2.689193e+00
4.496693e+00
4.822504e+00
3.856582e+00
2.903863e+00
4.751260e+00
3.859553e+00
4.174457e+00
4.041777e+00
4.114890e+00
3.971481e+00
4.686799e+00
4.937931e+00
2.167412e+00
4.655541e+00
3.906041e+00
4.099024e+00
2.796965e+00
3.474331e+00
3.972864e+00
3.997844e+00
4.370479e+00
3.343503e+00
3.204531e+00
4.416902e+00
3.641765e+00
4.103283e+00
3.714728e+00
4.802960e+00
3.421141e+00
3.335580e+00
4.416929e+00
3.357542e+00
3.733587e+00
3.415784e+00
2.364874e+00
3.765704e+00
4.351321e+00
4.504430e+00
4.194617e+00
4.282845e+00
4.319572e+00
3.501649e+00
2.410251e+00
3.201272e+00
3.689144e+00
3.410287e+00
4.550206e+00
4.624515e+00
4.136930e+00
4.815870e+00
4.170821e+00
4.325409e+00
3.807506e+00
4.612791e+00
2.606224e+00
1.497163e+00
4.708183e+00
2.510310e+00
4.311443e+00
3.910104e+00
4.689671e+00
3.250395e+00
2.225893e+00
3.394351e+00
4.132732e+00
2.253874e+00
1.874440e+00
4.097232e+00
2.569304e+00
3.883512e+00
3.836388e+00
3.809503e+00
3.408153e+00
4.689111e+00
3.078896e+00
4.295592e+00
3.287278e+00
3.562810e+00
4.635850e+00
3.589320e+00
3.691657e+00
4.334070e+00
3.913066e+00
1.836737e+00
4.041776e+00
4.546341e+00
4.231174e+00
4.224690e+00
2.965358e+00
4.398791e+00
4.071626e+00
3.212246e+00
4.084645e+00
1.848204e+00
2.785730e+00
4.707597e+00
3.286955e+00
4.479486e+00
4.388319e+00
3.626149e+00
3.866424e+00
4.584123e+00
3.690059e+00
3.873693e+00
4.704671e+00
3.316166e+00
4.899142e+00
4.034023e+00
4.579986e+00
1.435930e+00
4.492353e+00
3.992059e+00
3.181354e+00
3.923170e+00
2.900739e+00
4.187581e+00
4.272087e+00
4.365716e+00
3.998890e+00
3.854847e+00
1.893165e+00
3.999819e+00
4.227867e+00
4.914754e+00
4.484634e+00
2.159671e+00
3.839450e+00
1.250395e+00
3.968450e+00
4.871382e+00
4.334968e+00
3.713533e+00
1.233626e+00
4.527133e+00
4.475278e+00
3.717054e+00
1.462268e+00
3.216783e+00
3.821860e+00
3.388911e+00
4.420733e+00
4.302634e+00
2.997376e+00
3.677314e+00
3.465608e+00
2.483806e+00
3.420420e+00
4.600396e+00
4.243780e+00
3.966251e+00
4.294289e+00
3.332039e+00
3.368226e+00
2.512308e+00
4.528085e+00
4.082598e+00
3.056279e+00
4.274278e+00
3.735698e+00
3.622298e+00
4.341980e+00
4.207232e+00
3.537977e+00
4.097687e+00
4.414117e+00
4.293616e+00
4.059617e+00
3.489877e+00
4.532106e+00
4.026353e+00
3.556668e+00
2.835639e+00
4.206145e+00
4.463813e+00
3.681679e+00
4.371722e+00
4.095703e+00
4.285167e+00
4.509118e+00
3.989415e+00
4.724037e+00
3.470456e+00
3.975521e+00
4.437105e+00
2.204803e+00
3.911797e+00
4.101397e+00
3.618375e+00
4.267491e+00
3.102451e+00
3.526878e+00
4.381455e+00
3.915208e+00
4.056098e+00
4.110538e+00
4.093626e+00
3.943671e+00
2.633530e+00
3.596671e+00
4.323126e+00
4.362868e+00
4.143643e+00
2.441258e+00
4.777878e+00
4.286652e+00
4.494858e+00
4.721386e+00
2.785085e+00
1.904949e+00
4.247348e+00
4.547424e+00
3.448157e+00
4.558576e+00
4.415732e+00
3.476413e+00
4.235432e+00
3.557042e+00
4.395444e+00
3.624595e+00
2.859179e+00
4.124318e+00
3.835919e+00
3.209993e+00
4.598426e+00
1.699447e+00
3.551014e+00
3.818944e+00
2.671622e+00
3.826625e+00
4.582835e+00
3.689713e+00
3.976618e+00
4.300422e+00
4.352065e+00
3.075955e+00
4.405123e+00
4.970240e+00
3.522957e+00
3.501094e+00
3.192878e+00
4.464050e+00
3.806850e+00
4.510098e+00
4.742569e+00
4.603542e+00
3.509172e+00
1.882579e+00
3.406865e+00
3.603187e+00
3.752992e+00
3.671995e+00
3.443559e+00
2.846196e+00
3.944499e+00
4.158580e+00
3.283364e+00
3.374102e+00
3.487845e+00
4.560251e+00
3.433385e+00
2.328995e+00
4.384653e+00
1.858006e+00
3.004666e+00
4.130632e+00
2.823100e+00
3.754277e+00
4.647816e+00
2.816659e+00
2.321431e+00
4.720429e+00
2.435128e+00
3.651023e+00
3.861638e+00
2.222065e+00
4.408189e+00
4.775308e+00
3.196899e+00
3.162598e+00
4.587798e+00
4.271966e+00
4.389392e+00
3.311982e+00
4.280450e+00
4.176017e+00
3.837738e+00
3.122538e+00
3.982718e+00
2.734276e+00
3.688400e+00
4.879641e+00
3.825368e+00
2.478857e+00
3.948849e+00
3.300976e+00
4.108137e+00
2.340983e+00
4.366711e+00
3.950394e+00
3.443740e+00
4.538216e+00
4.407320e+00
2.147590e+00
4.436419e+00
3.101531e+00
3.029923e+00
3.230230e+00
4.123019e+00
3.402243e+00
4.453049e+00
3.592175e+00
3.821938e+00
4.181444e+00
3.974355e+00
3.888152e+00
3.432896e+00
3.852423e+00
3.977943e+00
2.473443e+00
4.799003e+00
3.070736e+00
3.795012e+00
1.754599e+00
4.290686e+00
3.764750e+00
3.201009e+00
4.699100e+00
1.985999e+00
4.176196e+00
4.396909e+00
3.200963e+00
3.677920e+00
4.856590e+00
4.592541e+00
3.570366e+00
4.712551e+00
3.703538e+00
4.084704e+00
3.438674e+00
3.780435e+00
3.925022e+00
4.176936e+00
3.160063e+00
4.588586e+00
3.294729e+00
4.171717e+00
3.923439e+00
4.079307e+00
2.916223e+00
2.569814e+00
3.395384e+00
4.140328e+00
2.672159e+00
4.107841e+00
4.767410e+00
2.883976e+00
3.863438e+00
2.761054e+00
4.789306e+00
4.256338e+00
4.992664e+00
2.315856e+00
3.522825e+00
4.567918e+00
3.464520e+00
3.389881e+00
3.573971e+00
4.134561e+00
2.842134e+00
4.812018e+00
3.199653e+00
4.254890e+00
3.650267e+00
3.152132e+00
4.606017e+00
3.597777e+00
3.258164e+00
3.119831e+00
2.873132e+00
3.217196e+00
2.674890e+00
4.112143e+00
2.379461e+00
4.153212e+00
2.173964e+00
4.081771e+00
4.273918e+00
3.643563e+00
3.986679e+00
3.000870e+00
4.073388e+00
2.201711e+00
3.439595e+00
3.739301e+00
2.540382e+00
4.746060e+00
4.393722e+00
3.954282e+00
4.463739e+00
4.598954e+00
3.175931e+00
2.271056e+00
4.115075e+00
2.553053e+00
4.132763e+00
3.412927e+00
4.172290e+00
4.520029e+00
2.677551e+00
4.682850e+00
4.260501e+00
4.765165e+00
4.653671e+00
4.971527e+00
3.908151e+00
3.739712e+00
4.182568e+00
3.929892e+00
4.384033e+00
4.320753e+00
1.923289e+00
4.105406e+00
4.067529e+00
4.917735e+00
4.151199e+00
3.589346e+00
4.672175e+00
4.684966e+00
4.665005e+00
2.277174e+00
3.597571e+00
3.686994e+00
4.122033e+00
4.113325e+00
3.211732e+00
4.011540e+00
2.796178e+00
1.509375e+00
3.292899e+00
4.561882e+00
1.674628e+00
2.638344e+00
1.385768e+00
2.868482e+00
3.801307e+00
3.405420e+00
3.853327e+00
4.739005e+00
4.071894e+00
2.882728e+00
4.285348e+00
3.558836e+00
1.645239e+00
3.916754e+00
4.687893e+00
3.055431e+00
3.725626e+00
3.668814e+00
3.917790e+00
4.370394e+00
4.549014e+00
2.757939e+00
2.047133e+00
1.543295e+00
3.474437e+00
4.189032e+00
1.713917e+00
3.731958e+00
4.218153e+00
3.659473e+00
3.515537e+00
4.423919e+00
3.907543e+00
4.516681e+00
3.637896e+00
4.414556e+00
4.714854e+00
4.542261e+00
4.101008e+00
1.977528e+00
4.116498e+00
4.154880e+00
3.154436e+00
4.469872e+00
3.871656e+00
3.714108e+00
3.298978e+00
3.527616e+00
4.412325e+00
4.670774e+00
3.501383e+00
2.641732e+00
2.943857e+00
3.743268e+00
2.656087e+00
4.713560e+00
4.703464e+00
3.110771e+00
4.147146e+00
4.425803e+00
4.405811e+00
4.424624e+00
4.090250e+00
3.011482e+00
3.666836e+00
3.438110e+00
4.491295e+00
3.747245e+00
2.862133e+00
2.221769e+00
3.402935e+00
3.623465e+00
4.032867e+00
4.057668e+00
4.414875e+00
3.891842e+00
4.364417e+00
4.413602e+00
3.369527e+00
1.985842e+00
3.192609e+00
4.293001e+00
4.407536e+00
4.157212e+00
4.066499e+00
4.170410e+00
3.801838e+00
3.532297e+00
4.806546e+00
4.177184e+00
4.581493e+00
3.002849e+00
3.588775e+00
3.748584e+00
4.035373e+00
4.343054e+00
3.738970e+00
4.359078e+00
2.692231e+00
2.990301e+00
3.745537e+00
3.652639e+00
3.302392e+00
3.380238e+00
3.389112e+00
4.352648e+00
4.211413e+00
4.171427e+00
3.369304e+00
3.301415e+00
4.665463e+00
4.147195e+00
4.372898e+00
3.986041e+00
3.562569e+00
3.697725e+00
2.940178e+00
4.216275e+00
3.835798e+00
3.816053e+00
4.944530e+00
4.620776e+00
4.404779e+00
3.172207e+00
3.782786e+00
4.322251e+00
2.524130e+00
4.530159e+00
1.340252e+00
3.127602e+00
4.843900e+00
4.375370e+00
2.890692e+00
2.693489e+00
4.129545e+00
4.248316e+00
4.173197e+00
2.056165e+00
2.160109e+00
3.574711e+00
4.699241e+00
4.889034e+00
3.973937e+00
2.463804e+00
4.968565e+00
2.343021e+00
4.701862e+00
3.723301e+00
4.182109e+00
3.680872e+00
3.000387e+00
3.704690e+00
4.316473e+00
4.253176e+00
3.577411e+00
4.233474e+00
3.414297e+00
3.018514e+00
2.272480e+00
4.540776e+00
3.446461e+00
4.343943e+00
3.074728e+00
3.857150e+00
3.038582e+00
2.514848e+00
3.805953e+00
4.474595e+00
3.088009e+00
3.929162e+00
4.177840e+00
3.314428e+00
3.493424e+00
4.371519e+00
3.334418e+00
4.567269e+00
3.184691e+00
4.972800e+00
1.796874e+00
4.597706e+00
1.707851e+00
1.832414e+00
3.218803e+00
2.986648e+00
3.140821e+00
4.758176e+00
4.747171e+00
4.300805e+00
3.974704e+00
4.751142e+00
3.490441e+00
4.524643e+00
3.455325e+00
4.278401e+00
4.131630e+00
4.746415e+00
3.501665e+00
4.331444e+00
5.000000e+00
3.647813e+00
4.212037e+00
4.494285e+00
2.998081e+00
3.356939e+00
4.321094e+00
4.142777e+00
3.039166e+00
2.662042e+00
1.148725e+00
3.468248e+00
4.732979e+00
2.864642e+00
4.180893e+00
4.381660e+00
3.123864e+00
3.958509e+00
2.620641e+00
3.476648e+00
1.594408e+00
3.275469e+00
4.806627e+00
3.449257e+00
3.896313e+00
3.938392e+00
3.744323e+00
4.983846e+00
4.653495e+00
2.318201e+00
4.361004e+00
4.491292e+00
2.409005e+00
3.303042e+00
4.282441e+00
3.894590e+00
3.922592e+00
4.287277e+00
3.387857e+00
3.608678e+00
4.239714e+00
3.602313e+00
3.318302e+00
3.865590e+00
3.280268e+00
3.026632e+00
4.543127e+00
3.807522e+00
3.666321e+00
3.964407e+00
2.295465e+00
3.924139e+00
2.333209e+00
4.084840e+00
4.674134e+00
3.346053e+00
3.780252e+00
4.109635e+00
3.844948e+00
3.806306e+00
4.227599e+00
3.233028e+00
4.887680e+00
4.710560e+00
3.756249e+00
4.601499e+00
4.662049e+00
4.353278e+00
2.001530e+00
3.839403e+00
3.489587e+00
3.610752e+00
4.384456e+00
3.763193e+00
3.767841e+00
4.038784e+00
3.617285e+00
4.341503e+00
4.119798e+00
4.054015e+00
4.112827e+00
4.312055e+00
3.390594e+00
3.757201e+00
3.234084e+00
3.873645e+00
3.512462e+00
4.125460e+00
4.004106e+00
3.854124e+00
4.214705e+00
2.388370e+00
4.080888e+00
4.014314e+00
3.491757e+00
4.019765e+00
4.027942e+00
3.572341e+00
4.518508e+00
4.205974e+00
2.613919e+00
5.000000e+00
4.519713e+00
4.222378e+00
4.202331e+00
4.363134e+00
3.896912e+00
2.815251e+00
3.454263e+00
2.147979e+00
4.131575e+00
3.865293e+00
4.177779e+00
4.210483e+00
3.221727e+00
3.235361e+00
3.723431e+00
4.586397e+00
4.067145e+00
4.460794e+00
4.120800e+00
4.315446e+00
3.728967e+00
4.043133e+00
4.482962e+00
3.477818e+00
4.274769e+00
4.146192e+00
3.860143e+00
2.723582e+00
3.403591e+00
4.332233e+00
3.334453e+00
2.914969e+00
3.415268e+00
3.306737e+00
3.252605e+00
4.209673e+00
4.431323e+00
3.986098e+00
3.711720e+00
3.164058e+00
2.664303e+00
4.883165e+00
4.671745e+00
3.888219e+00
3.516559e+00
4.014934e+00
2.836550e+00
4.344286e+00
4.649891e+00
4.370370e+00
2.168153e+00
3.933283e+00
4.563771e+00
4.656002e+00
4.681329e+00
3.389244e+00
4.580144e+00
3.987031e+00
3.638132e+00
4.348889e+00
3.368921e+00
4.247671e+00
4.035881e+00
4.765602e+00
3.894798e+00
4.689577e+00
2.743972e+00
2.543100e+00
3.520244e+00
4.765443e+00
2.583275e+00
4.868529e+00
3.489904e+00
3.828780e+00
4.340357e+00
4.528724e+00
4.369785e+00
2.992154e+00
3.971285e+00
4.639721e+00
3.908989e+00
4.757198e+00
3.029485e+00
3.562234e+00
3.802503e+00
4.466919e+00
4.273594e+00
4.073383e+00
2.922377e+00
3.546151e+00
4.300121e+00
4.779864e+00
1.761612e+00
4.311686e+00
2.938108e+00
4.027529e+00
3.273121e+00
4.551023e+00
2.863236e+00
4.277960e+00
3.882191e+00
3.030532e+00
4.446146e+00
3.602534e+00
4.944269e+00
3.945008e+00
4.609806e+00
4.629899e+00
3.246475e+00
3.325570e+00
3.745025e+00
4.335472e+00
3.900978e+00
4.291135e+00
4.903606e+00
4.291435e+00
3.974274e+00
4.958531e+00
3.498071e+00
4.297519e+00
1.710461e+00
4.317111e+00
3.797292e+00
4.865421e+00
4.563325e+00
3.547815e+00
3.873937e+00
2.597824e+00
3.743653e+00
4.144929e+00
4.400949e+00
1.801186e+00
4.305935e+00
4.625961e+00
3.422634e+00
3.411445e+00
3.754357e+00
3.960127e+00
3.632537e+00
2.848952e+00
4.171985e+00
2.706108e+00
4.552223e+00
4.206468e+00
4.545103e+00
4.212407e+00
4.209026e+00
3.912617e+00
4.508132e+00
3.751208e+00
2.930521e+00
1.880605e+00
4.136312e+00
3.835637e+00
4.291129e+00
3.631785e+00
2.957583e+00
1.550469e+00
3.790116e+00
4.400155e+00
2.596050e+00
2.973100e+00
3.383332e+00
4.353329e+00
3.388835e+00
3.882439e+00
4.630437e+00
4.622360e+00
4.795611e+00
4.481460e+00
3.779985e+00
3.944696e+00
3.265613e+00
4.412839e+00
3.946879e+00
3.871764e+00
4.638505e+00
4.564782e+00
3.263906e+00
4.180688e+00
4.207506e+00
4.258546e+00
2.742025e+00
4.306105e+00
3.012098e+00
4.171627e+00
4.196807e+00
3.405935e+00
2.944135e+00
4.530809e+00
4.009881e+00
4.389911e+00
4.116874e+00
2.341506e+00
3.984675e+00
2.694660e+00
3.107714e+00
4.480144e+00
4.351098e+00
3.606055e+00
4.563104e+00
3.562117e+00
4.082607e+00
3.096030e+00
3.364679e+00
4.182776e+00
2.590279e+00
3.451484e+00
4.050878e+00
3.196282e+00
4.044856e+00
2.715071e+00
4.698643e+00
4.386271e+00
4.001882e+00
4.479669e+00
2.383606e+00
3.331995e+00
2.570910e+00
3.146152e+00
3.916821e+00
4.522519e+00
2.750952e+00
2.769497e+00
3.691971e+00
1.725794e+00
3.410583e+00
4.589060e+00
3.011205e+00
4.628860e+00
4.145275e+00
3.873253e+00
3.967200e+00
3.910862e+00
3.836440e+00
3.257431e+00
3.440653e+00
4.685462e+00
2.903333e+00
4.349680e+00
2.952968e+00
4.064344e+00
3.129455e+00
4.503488e+00
4.461346e+00
4.614603e+00
4.234926e+00
4.110046e+00
4.162626e+00
4.466628e+00
4.102060e+00
3.899726e+00
1.962800e+00
4.374872e+00
3.652142e+00
3.691116e+00
3.857076e+00
4.886140e+00
3.265285e+00
2.857400e+00
4.751686e+00
3.943312e+00
4.411461e+00
3.831980e+00
3.400814e+00
4.598877e+00
2.247903e+00
3.380752e+00
3.052135e+00
3.615453e+00
4.156772e+00
3.501440e+00
3.827535e+00
2.701374e+00
4.791900e+00
2.849884e+00
3.356980e+00
4.237783e+00
3.778375e+00
4.036743e+00
3.067041e+00
3.160844e+00
4.476691e+00
4.555037e+00
4.442565e+00
4.088530e+00
3.261201e+00
3.734803e+00
4.800195e+00
2.794016e+00
3.329973e+00
4.422134e+00
4.061552e+00
4.642850e+00
3.545674e+00
3.366434e+00
3.811315e+00
3.814284e+00
2.971418e+00
3.193406e+00
3.696698e+00
3.192265e+00
4.331092e+00
3.035108e+00
4.360382e+00
2.596269e+00
3.925072e+00
2.038888e+00
4.099265e+00
2.333862e+00
4.079844e+00
2.351170e+00
4.314575e+00
4.363224e+00
4.464959e+00
4.909996e+00
4.034085e+00
4.076355e+00
4.169031e+00
2.522450e+00
3.243614e+00
3.750945e+00
3.366142e+00
2.673394e+00
4.238219e+00
2.170820e+00
2.567470e+00
4.068015e+00
4.328508e+00
3.990561e+00
3.879260e+00
3.907481e+00
3.463577e+00
3.150565e+00
3.765853e+00
4.501751e+00
2.110562e+00
4.352441e+00
4.287327e+00
3.623800e+00
4.322507e+00
3.294204e+00
2.906951e+00
2.505855e+00
4.099256e+00
3.140337e+00
3.375260e+00
4.170612e+00
3.902186e+00
3.947052e+00
3.385972e+00
4.275696e+00
3.618466e+00
2.426291e+00
4.375308e+00
4.242251e+00
4.620359e+00
4.461920e+00
4.144675e+00
2.688269e+00
4.528213e+00
4.475918e+00
3.666021e+00
4.015201e+00
3.870406e+00
4.030937e+00
4.051077e+00
3.454428e+00
2.579137e+00
3.393223e+00
2.095276e+00
4.232643e+00
3.035562e+00
4.833052e+00
4.712833e+00
4.175203e+00
4.281891e+00
3.516254e+00
4.082359e+00
4.251329e+00
3.952503e+00
2.457283e+00
4.523527e+00
4.594785e+00
4.610329e+00
4.622907e+00
2.856083e+00
2.964572e+00
3.683252e+00
4.266014e+00
3.264141e+00
4.070704e+00
3.028870e+00
4.006404e+00
4.330029e+00
4.282468e+00
3.815435e+00
4.054716e+00
3.939750e+00
3.875391e+00
1.601350e+00
3.497599e+00
2.212824e+00
2.144399e+00
4.397791e+00
4.434133e+00
4.588065e+00
4.184308e+00
1.307527e+00
2.492377e+00
4.423585e+00
4.603988e+00
2.887904e+00
4.131956e+00
4.516176e+00
3.813229e+00
3.885376e+00
3.740510e+00
4.900417e+00
4.507251e+00
3.528765e+00
3.962942e+00
3.632305e+00
4.985192e+00
3.932058e+00
2.638086e+00
3.719569e+00
2.777383e+00
4.642492e+00
3.542674e+00
3.178518e+00
4.290386e+00
2.110955e+00
4.030378e+00
4.556918e+00
4.497548e+00
4.585517e+00
4.388638e+00
4.530303e+00
4.046434e+00
1.822257e+00
3.795338e+00
2.837353e+00
1.026049e+00
3.911727e+00
3.818447e+00
3.584725e+00
2.702194e+00
3.603388e+00
2.513254e+00
2.037094e+00
4.255487e+00
3.975353e+00
2.769560e+00
4.932616e+00
3.389512e+00
3.572584e+00
4.613956e+00
3.570725e+00
3.690083e+00
4.570609e+00
